Regression analysis information for: common_voice_sw_38021900-04-010_0007
number of formants: 3
number of coeccicients: 5
13.5 16.2 10026.6
454.4 73.3 -84 25.6 4.6 -26.1
703.9 103.3 -64.2 -13.1 28 -27.1
1738.3 35.4 -76.2 4.9 -25.7 -1.4
12.8 24.1 10021.3
453.9 74 -79.5 25.8 6.2 -28.2
693.8 115.5 -34.8 -17.2 23.3 -23.8
1762.6 9.9 -69.9 -13.7 5 -23
12.4 24.5 10022.4
447.9 78.3 -70.8 15.7 13.4 -28.1
682.2 120.6 -9.4 -27.9 10.5 -13.6
1762.7 15 -76.1 -20.9 22.7 -29.7
13.6 21.1 10023
449.2 76 -66.8 18.3 12.3 -29.1
680.7 124.5 0.2 -23 9.7 -12.7
1772.4 2.7 -69.1 -17.9 19.5 -26.2
14.1 20 10021.8
449.8 75.7 -64.6 19.4 12.4 -28.1
677.3 129.8 8.9 -18.1 12.2 -10.2
1786 -14.3 -63 -9.7 9.4 -19.2
19.3 18.9 10019.3
445.6 84.7 -60.6 8.8 25.9 -31.9
680.8 143.6 11.3 -11.7 15.9 -9.8
1801.6 -33.2 -52.2 -6.3 4.8 -11.5
40 138.6 10050.6
436.9 105.6 -69.4 2.9 43 -50.5
756.9 77.9 -18.7 118.4 -100.3 4.8
1850.9 -89.3 -61 48.7 -48.5 6.1
30.7 186.6 10068.4
501.8 11.3 -29.7 27.1 -24.4 32.1
1035.5 -321.3 181.6 207.2 -351.7 304.3
1965.6 -255.9 9.7 75.2 -134.5 113.5
36 201 10065.5
507.7 11.9 -28.1 20.1 -22.6 41.1
1117.2 -383.9 284.6 166.2 -294.1 252.8
1997.5 -289.8 27.3 51.9 -108.9 88.9
3.9 139.1 40
531.1 -14.1 -22 14.4 -5.9 10.3
1305.5 -440.6 457.9 183.6 -140.3 45.6
2053.4 -362.1 44.8 31.8 -58.6 6.4
4.1 131.4 47.3
533.6 -10.6 -24.4 12.6 -4.5 12.1
1402.2 -290.1 538.1 282.1 -112.8 20.1
2077 -333 42.4 58.2 -48.4 -1.5
4.8 129.2 51.7
535.7 -8.5 -25.5 10.9 -4.1 13.6
1447.6 -267.1 507.5 297.6 -133.9 -69.9
2129.6 -263.5 77.4 105.6 -17.6 -19.5
19.9 155.7 59.3
530.7 -14.3 -16.9 25.5 -2.5 -1.1
1570.7 -181.2 405.6 176.5 -250.4 -182.9
2178.3 -212.4 89.4 140.5 4.9 -59.2
3.6 85.3 49.6
540.6 -6.7 -29.3 10.1 -2.3 13
1806.3 -107.2 37.8 -4.2 -55.2 -45.2
2237.3 -139.7 97.5 100.3 -29.7 -68.9
3.4 144.2 65.9
539.8 -5.1 -29.9 11.9 -2.2 13.1
1783.4 -139.7 85.9 50.9 -76.8 -123.9
2308.2 -58.1 85.1 38.4 -80.5 -69.5
3.7 191.4 131.6
538.9 -5.8 -31.8 12.6 -1.9 13.9
1763 -206.6 77.5 105.2 42.4 -45.9
2375.1 6 58.8 10.8 -37.5 8.3
4.2 28.5 28.7
541.5 -3.5 -33.3 8.8 -2.7 14.5
1874.6 -148.3 -24.1 -11.1 21.2 10.2
2441.8 40.1 22.3 -18.7 -23.2 -18
4.9 23.3 34.2
540.8 -0.2 -33.7 9.8 -3 15
1898.2 -181.3 -20.6 -0.4 5.4 19.8
2493.3 30.4 -43 -76.9 8.4 2.3
5.4 21.6 38.3
539.6 4.5 -36.5 11.5 -2.9 16.9
1913.2 -218.3 2.9 16.5 -21.7 17.8
2500.5 2.9 -37.7 -81.9 15.7 -18
5.5 17.8 50.3
535.4 2.9 -39.2 10.3 -5.1 16
1954.1 -246.1 -11.4 36.5 -26.6 20
2554.8 2.1 -30.1 -59.2 57.6 -39.1
winner is: 17
