Regression analysis information for: common_voice_sw_38021900-04-012_0012
number of formants: 3
number of coeccicients: 5
4.3 18.7 10035.8
381.3 -13.1 -17.2 -17.4 -1.2 4.3
769.8 -59.6 -38.5 9.7 -5.7 -13.3
1181.3 59.9 233.1 212.1 59.3 -37.5
5.2 7.3 10081.1
399.4 -23.3 -16.1 -25.6 -3.5 6.7
793.9 -55.9 -53.8 -17 -19.2 0.4
1386.5 262.2 135.9 -57.2 -125.7 -20.4
5 11.8 10104.5
457.3 -90.6 -9.4 -14 -10.1 21.5
829.4 -93.8 -48.2 -23.9 -1.8 -8.5
1524.6 253.1 -112.9 25.3 -57 96.8
2.8 8.7 10005.1
483.7 -120.4 -9.6 -1.3 -8.8 16.6
849.9 -123.4 -31.8 -30.9 6.4 -10.7
1657.9 43.3 -24.3 -2.4 -8.3 5.6
6.2 7 10005.1
474.2 -118.6 13.2 -12.9 -4.9 17.6
848.1 -127.3 -19.1 -37.9 10.3 -12.8
1658.9 43.4 -24.2 -1.9 -7.7 6.1
5.7 6.5 10004.3
456.7 -105.9 21.1 -10.8 -0.6 5.5
838.1 -113.3 -18.4 -26.7 8 -15.8
1660.4 41.4 -22.6 -3.6 -8.1 4.1
4.9 5.5 10004.1
440.2 -83.4 21 -11.5 5.6 -2.8
830.9 -103.4 -19.2 -21 5.5 -16
1659.9 43.6 -21.6 -2.9 -8.1 3.6
3.9 4.6 10004.2
438.1 -77.8 20.2 -4.1 4.4 -2.4
829 -101.1 -21.5 -16.6 3.2 -15.1
1659.6 44.8 -20.6 -0.9 -8.1 3.7
2.5 3.7 10003.8
438.9 -67.8 14.8 4.5 3.1 -1.7
828 -99.3 -25.8 -15.5 0.1 -14
1660.3 47.8 -21.2 1 -8.3 4.1
7.3 10.6 10004.2
453.9 -50.4 29.9 18.6 12.9 7.7
817.3 -124.1 -45.2 -35.6 -13.8 -26.7
1661.6 53.3 -21.5 2.6 -8.6 5.6
3 7 10003.5
469.1 -40.4 35.8 24.7 12.4 8.2
804 -136.7 -59.5 -49.2 -20.6 -31.3
1665.3 52.4 -19.5 1 -9.1 3.7
17.6 98.4 10064.5
473.9 -56.1 20.5 6 -4.1 -2.8
837.5 -56.5 39.3 44.2 82.3 61.5
1703.2 128.1 52.4 70.7 59.4 68.8
9 99.7 10085.3
497.2 -37.3 47.6 14.9 16.3 5.9
910.6 135.2 212.3 183 185.6 109.2
1794.9 302.6 208.4 196.2 148.4 115.3
39.6 99 10087.3
445.1 -6.8 108.5 -24.6 18.9 -41.6
878.6 144.7 229 195.6 180.8 104.7
1792.5 301 204.6 192.4 144.4 110.8
47.3 153.5 207.1
653.1 -122.7 -70.9 82.5 20.6 19.9
1375.2 -26.9 -181.5 404.5 210.2 304.6
2579.6 -57.4 -407.7 531.3 105.3 361.6
40.8 89.7 171.5
681.1 -90.4 -83.8 42.4 -36.6 34.5
1607.8 161 -122.3 102.1 -106.1 97.3
2920.6 107 -258.5 150.2 -194.4 141.1
4.8 5.5 14
698.3 -123.9 -52.2 8.1 -10.8 3.6
1653.9 57.9 -25.5 8 -10 10.5
3025.8 -69.4 -68.6 -34.1 -19.5 -33.8
5.8 5.9 5.9
698 -128 -54.6 3.1 -14.1 -0.7
1653.4 60.2 -25.6 12.5 -6.2 13.6
3024.3 -70.3 -45.6 -20.9 -3.6 -21.7
6 5.7 6.4
696.8 -131.6 -57.7 0.6 -16.8 -2.2
1654.9 62.6 -23.9 12.8 -5.4 13.9
3020 -60.7 -39 -7.7 8.4 -18.3
5.3 6 5.3
691.1 -135.8 -62.8 2.3 -17.2 -1.3
1655.9 68.3 -25.1 14.8 -7 15.6
3025.2 -56.5 -38.2 -14.8 2.5 -17.8
winner is: 20
