Regression analysis information for: common_voice_sw_38021900-04-002_0009
number of formants: 3
number of coeccicients: 5
24.4 165.5 10115.3
258.9 50.2 12.8 -2.5 -25.6 -13.6
621.4 220.7 16.6 -138.3 -126.3 13.9
1532.7 117.2 -47.4 -167 -106.4 -5.5
26.4 158.7 10132.7
291.2 84.7 -20.8 -50.4 21.3 57.9
899.1 474 -166.8 -266.6 75 197
1781.6 310.4 -195.7 -247.7 92.8 170.2
28.4 83.9 69.6
357 23.8 -92.8 44.6 -4.8 6
1268.9 381.1 -276.8 202.6 -96.6 5.6
2138.8 180.1 -330.5 173.9 -26.8 -5.4
16.1 122.4 69.5
380.9 -20.5 -62.7 33.4 -14.9 34.3
1353.4 231.1 -136.4 143.7 -123.3 144.2
2209.1 26.1 -175.4 127.9 -76.4 107.8
8.6 37.6 9.3
384.6 -41.6 -50.5 21.2 -0.4 23.6
1445 43.1 36.8 -54 61.2 -55
2281.6 -74.3 -77.5 -17.3 32.5 0.6
6.8 21 15.3
381.1 -47.4 -50 24.2 3.1 23.5
1432.3 85.2 -23.6 3.1 14.6 -17.8
2314.7 -59 -121.3 -18.5 27.8 -3.3
7.1 15.5 20.3
376.7 -41.2 -46 37.7 6.7 25.1
1456 59.4 -26.5 17.5 6.2 -8.5
2335.5 -62.4 -147.6 -19.8 24.7 9.7
7.9 11.5 25.7
374.4 -42.3 -41.6 40.4 4.9 23.1
1488.8 16.4 -18.6 28.8 -2 0.4
2354.1 -68.4 -159.1 -22.7 20.3 20.5
8.9 4.6 27.6
371.7 -42.6 -35.5 42.6 2.2 21.3
1525.2 -31.4 -2.3 37.3 -11.6 10.1
2369.5 -70.5 -162.7 -26.3 16.5 26.3
9.2 5 24.4
369.9 -41.4 -32.3 43.3 -0.5 21.4
1557.7 -72.8 17.5 40.6 -18.5 15.3
2381.2 -66.1 -160 -28.5 11.5 23.3
7.9 13.2 19.7
367.9 -51.3 -32.2 32 -7.1 16.5
1596.4 -130.8 52.1 33.7 -18.6 13
2402.8 -55.4 -155.8 -34.5 -4.4 17.9
7.7 24.5 17.6
363.9 -52.8 -33.7 28.8 -11.7 16.2
1651.2 -218.2 116.3 23.4 -25.9 11.8
2418.3 -46.6 -151.3 -33.1 -9.2 16.4
10.3 43.1 39.4
353.2 -66 -45.9 12.8 -23.7 8.4
1742.9 -371.2 225.8 25.7 -95.4 58.9
2470.9 -100 -97.7 -42.4 -24.8 45.4
117.6 179.5 71.6
448.3 130.7 142.3 190.4 145.9 159.5
1742.3 -219.9 465.2 -29.7 18.1 260.8
2568.2 -30.5 75.2 32.9 89.1 112.9
100.5 292.7 80
518 277.3 259.5 289.6 204.1 181
1698 61.7 372.7 129.9 -66.3 417
2624 81.7 129.6 115.2 64.1 149.1
88.7 142.1 44.3
592.4 411.2 339.7 309.8 148.9 74.4
1952.4 -162.5 440.7 167.4 -79.3 94.4
2698 132.3 205.6 77.1 51.1 29.8
136.7 106.6 67.5
658.6 510.2 357.1 236.4 3.1 -80.6
2029 -131.7 348.4 146.8 -150.8 -82.9
2683.7 192.2 144.3 32.9 -29.9 -24.3
66.4 58.4 16
593.8 398.3 324.6 286.1 126.4 54.4
1996.6 -207.4 266.9 191.1 -22.6 1.7
2656.6 157 117.4 72.9 13.1 46.6
91.5 48.5 14.2
627.3 452.1 337 258.6 62.9 -15.7
2028.9 -192.3 222.7 210.4 -10 -16.8
2675.3 153.6 130.2 71.5 10.1 41.8
115 48.7 15.2
644.6 482.4 352.5 258.8 47.6 -40.1
2061.3 -181.2 199.7 231.5 5.2 -22
2697 152.9 150.6 73.8 12 41
winner is: 10
