Regression analysis information for: common_voice_sw_38021900-04-008_0001
number of formants: 3
number of coeccicients: 5
1.1 1.1 10001.5
530.4 17 -4.3 -4.6 -6.2 0.3
854.1 -4.3 -19.5 -10.7 -8.1 -3.2
1253.4 -81 11.8 8.2 -0.1 -2.8
1.4 1.5 10007
518.7 37.4 -12.1 -2.7 -5.9 0.3
853 0.5 -22.3 -10.4 -8.8 -3.7
1249.6 -66 -8.4 26.3 -11.4 6.5
2.1 4 10003.3
498.9 44.1 10 -15.6 -10.2 2.7
840.2 -8.2 -22.2 -19.1 -16.5 -8.6
1232.6 -53.7 8.3 10 -10.8 6.9
4 4 10003.5
485.2 28.2 15.4 -16.9 -14.4 0.1
819.3 -36.2 -27.4 -21.5 -19.2 -10.4
1227 -70.5 46.3 -9.2 -12.2 7.1
1.8 0.9 10005
467.5 3.8 11.2 -13.7 -2.8 3.5
805.6 -53.7 -26.1 -11.4 -5.6 -2.1
1219.4 -76.2 56.6 -16.7 2.2 -5.6
2.6 1.6 10008.4
479.5 -14.3 3.4 -13.4 -2.8 4.1
811.8 -61.7 -34.7 -10.1 -3.1 -2.7
1275.3 -157.5 86.2 -18.8 -2.2 3.2
3.4 4.5 10004.4
520.6 -26 -15.8 -3.7 -4.7 2.6
831.4 -63.4 -53 -7.6 4.9 -1.1
1302.9 -189.8 81.1 10.4 -31.7 15.5
17.4 37.2 10104.4
554.3 3.1 -37.4 -20.5 1 -6
828.8 -47.2 -88.9 -47.6 42.6 4.7
1317 -185.3 -3 66 62.4 -127
2.6 28.8 10022.5
603.5 4.2 -19.6 1.8 -19.6 10
869.5 -58.7 -122.5 -80.6 -16.5 29.9
1438.9 -190.8 -114.7 -5.9 46 38.5
2.8 36.4 10007.4
611 8.9 -17.9 2.3 -18.1 11.9
936.2 52.3 -86.6 -116.7 -104 -64.5
1470.4 -148.6 -108.4 -37.2 -5.6 -7.7
2.8 4.5 10008.7
607.6 19.3 -12.6 -6.1 -14.3 11.5
997.2 174.5 33.3 -13.8 -13.6 3.6
1489.5 -116.6 -94.9 -36.2 -9.5 -12.8
3 5.9 10006.2
600.2 27.6 -8.9 -11.9 -12.6 12.3
996.3 177.9 33.2 -19.4 -16.2 4.9
1497.4 -97.9 -82.1 -30.9 -3.3 -8.9
2.7 5.7 10003.9
597.8 30 -0.5 -16.6 -10.7 11.5
994.2 175.4 34.6 -19.9 -18.8 3.5
1511.8 -70.5 -61.9 -21.5 2.5 -6.3
2.7 6.7 10003.7
596.1 28 2.6 -16.4 -11.5 12.2
994.8 180.2 34.7 -22.7 -21.7 3.2
1514.4 -65 -52.3 -17.4 6 -5
2.5 6 10004.2
597.3 21.8 9.8 -16 -10.7 10.1
991.7 180.4 38 -18.9 -23.7 -0.5
1517.3 -59.9 -41.6 -8 10.8 -5.3
2.4 7 10005.6
598.6 12.5 14.9 -14.7 -13.6 11.5
990.3 188.2 37.2 -19.5 -26 -1.9
1506 -76.5 -40.2 -3.7 12.1 -6.8
2.4 15.5 10009.1
595.7 -4.4 24.6 -12.3 -15.8 8
956.6 140 -6.9 -51.4 -63.7 -41
1444 -174.4 -87.8 -10.8 13.7 -7.7
2.6 7 10003.3
595.7 -14.9 20 -4.4 -20.2 13.3
931.5 109.8 -40.4 -72 -67.1 -38.2
1425.9 -194.3 -92.1 11 42.9 15.7
6.5 7.8 10004.6
583.6 6.2 -9.8 19.3 -35.1 22.7
926.5 115.3 -40 -71.3 -59.9 -35
1421.6 -181.2 -102.7 14.7 43.7 17.4
46.8 48.9 10149.7
601.7 -35 28.4 -41.2 35.5 -52.6
1007.3 -41.1 109.9 -206.2 47.2 -111.9
1647.9 -632.6 306.7 -363.2 342.4 -217.5
winner is: 1
