Regression analysis information for: common_voice_sw_38021900-04-012_0002
number of formants: 3
number of coeccicients: 5
32.1 12.2 10031.1
574 -117.6 16.3 -18 -65.1 20.5
766.2 -120.8 -87.9 -35.2 -7.9 8.4
1436.4 65.2 -85.4 50 -32.7 58.5
15 19.2 10019.7
605.9 -150.4 53 -44.2 -32.5 -7.2
812.2 -183.3 -21.9 -101.7 21.2 -30.8
1580.1 0.7 12.4 -88.1 35.1 30.4
8.3 56.3 10038.7
640.2 -142.6 58.5 4.3 -29.4 12.7
903.9 -53.6 123.4 5.1 93 52.9
1689.1 93.1 -4 -89 41.7 77.3
3.6 65.1 10034.3
651.1 -142.7 46.7 8.4 -21.9 6.3
982.3 90.4 261 108.6 182.4 107.8
1715.6 101.8 -23.9 -74.3 83.8 77.7
8 27.8 10029.8
683.1 -161.4 5.9 38.3 -14 -17.2
950.3 120.1 158 54.3 46.3 -18.7
1754.3 151.1 -44.2 -64.1 68.2 -3
10 57.3 10033.9
696 -159 -22.4 42.1 8 -23.6
1050.1 65 103.4 204.8 -20.5 -59.7
1797.8 108.6 -88.3 12.7 28.8 -39.6
7.9 64.7 10042.9
694.6 -157.6 -17.8 39.6 2.5 -22.1
1051.2 39.1 121.8 199.2 -48.3 -26.7
1792.7 111.5 -88.9 -0.6 35.6 -45.9
9.2 89.2 10087.4
699 -163 -30.9 29.2 5.4 -20.6
1060.2 -99.7 96.4 169.8 -96.5 21.3
1885.2 131.9 13.8 125 53.2 92
26.3 46.6 10007.7
696.3 -182.9 -58.5 3.5 -7.7 -34.3
1032 -298.3 16 46.7 -179.9 -53.1
1850.7 21.5 -66.6 32.8 -32.8 22
23.2 101 10084.2
706.4 -173.6 -58.8 1.9 4.3 -15.4
1098.5 -221.2 138.1 131.4 -77.3 24.2
1902.7 106.2 26.8 115.4 53.6 105.9
31.2 135.2 10106.4
700.4 -166.1 -19.7 24.2 -5.7 -24.8
1164.3 -162.5 201 198.7 -0.9 50.3
1946.9 187.6 104.3 183.9 117.4 156
21.9 123.9 145.5
720.1 -171.2 -76.7 -6.9 34.3 18
1424.8 -53.2 -83.6 109.8 334.3 201.6
2080.2 313.8 34.9 126.5 240.8 312.5
7.2 104.4 91.2
731.9 -150.8 -62.4 -0.2 34 10.4
1504.1 19.1 -55.3 128.6 342.6 141.3
2101.5 375.1 101.8 217.4 257.8 224.4
11.1 123.9 133.9
728.4 -154.8 -57.5 6.8 36 3.4
1514.4 -0.8 -21.7 139.9 362.1 85.8
2161.3 404.4 -13.4 158.4 323.6 303.1
6.8 150.4 229.7
733.2 -146.6 -62.8 -6.2 32.9 8.8
1516.4 124 70.8 -69.5 250.6 202.3
2344.9 562.9 -141.2 -46.6 344.2 402.6
7.1 131.9 176.9
734.6 -148.2 -62.3 -6 31.8 8.4
1593.2 198.2 73.4 -106.7 123 73.9
2477 710 -100.1 -222.3 120.2 177.5
28.7 178.2 237.4
722.4 -152.9 -37.5 -1.3 9.3 5.5
1551.7 147.3 159.5 -16.2 65.8 25
2389.9 648.8 52.9 -142.5 85.8 119.8
7.6 55.7 100.1
734.6 -153.4 -62.8 0.2 29 7.8
1693.3 197.3 -15.2 -105.2 41.6 42.2
2519.3 779.5 -182.3 -275.9 72.4 187.5
7.4 17.7 112.2
738 -158.1 -62.6 0.6 27 9.5
1794.2 97.2 -95.5 7.9 24.9 1.9
2650.7 717.2 -399.7 -124.8 230 -77.9
6.8 10.8 94.7
740.9 -163.5 -60.3 0.6 25.8 10.5
1807 73.6 -94.7 19 4.7 12.8
2758.5 554.6 -362.2 -59.3 173.3 -113.9
winner is: 20
