Regression analysis information for: common_voice_sw_38021900-04-002_0014
number of formants: 3
number of coeccicients: 5
5.5 5.9 10019.2
476.8 -68.3 42.5 -20.5 7.9 0.9
682.9 -2.4 4.2 -8.6 7.3 -7.4
1843.4 121.1 195.3 7.2 24.8 -26
3.4 4.7 10057.9
468.2 -59.7 34.6 -21.8 12.2 -7.3
679.4 0.7 -1.6 -5 3.2 -4.1
1841.1 100.5 286.9 2.1 120.2 -31.5
5.3 1.7 10062.4
463.1 -50.4 22.2 -15.3 8.6 -8
678.5 0.6 -4 -4.3 0.8 -2.3
1773.6 124.6 144.6 28.6 127 -17
0.8 1.3 10012.1
464.7 -45.6 10.4 -4.8 0 -1.4
679.1 0.2 -3.8 -5.8 0.8 -2.8
1868.6 214.1 79.3 69.8 22 0.3
0.5 1.7 23.1
480.1 -60.5 11.5 -5.1 -0.4 -0.3
678.2 3.9 -4.4 -6.4 0.8 -3.1
2104 91.7 64.3 -29.6 -26 -15
1.5 1.8 5
498.1 -75.7 11.6 -8.8 3.2 0.7
675.4 9.9 -5.3 -5.4 -1.1 -2.4
2176.8 39.2 -2.1 18.6 -7.6 -0.4
3.9 2.7 2.8
514.5 -94.9 13.3 -4.8 -0.4 6.6
671.8 13.7 -5.6 -6.1 -1.3 -2.9
2173.5 49.5 2.4 12 -8.8 4
3.5 2.4 2.8
519.3 -96.2 10.2 -2.3 -2.1 8.7
670.6 15 -4.1 -5.8 -1.9 -3
2177.6 50.1 3.5 12 -7.3 5
2.6 1.8 2.9
519.7 -93 11.3 -4.8 -0.5 8.6
669.7 16 -3.4 -5 -2.8 -2.5
2182 51.5 4.5 13.3 -6.1 5.2
2.8 1.2 3.1
519.5 -87.8 17.1 -11.3 -0.1 12.3
668.4 16.1 -2.9 -3.8 -3.6 -2.8
2186.6 54.4 4.9 15.3 -5.4 5.9
1.6 0.7 3.1
519.7 -77.8 24.1 -21.2 2.1 11.4
665.9 14.6 -3.2 -0.9 -4.1 -2.5
2190.7 53.9 8 14.4 -4.1 5.9
6.2 1.8 2.6
519.6 -69.9 51.1 -21.7 -14.2 14.5
658.4 3.3 -8.3 -0.8 -4.1 -3
2196 60.6 8.6 12.6 -1.1 5.1
27.6 1.9 2
480.8 -52.9 150.9 -13.3 -63.6 24.1
638.2 -31.9 -32.2 -13.1 -8.3 -3.9
2205.9 68 13.1 11.1 1.3 3.9
40 123.9 27.6
584.7 41.6 -32.3 -57.2 38.2 4.5
1670.1 956.3 -356 -68.1 240 -105.6
2408.8 263.1 -29.3 1.7 39.7 -17.7
1 1.1 13.3
635.9 -36.3 -31.7 -11.3 -4.4 -1.9
2235.2 87.1 32.4 8.7 5.1 0.2
2466.9 -24.2 16.9 28.8 -24.6 21.9
0.9 4.7 8.2
636.6 -36.7 -31.2 -11.3 -4.2 -1.7
2239.5 91.4 32.8 9.5 4.9 2.8
2369.1 -23.7 0.2 55 -23.8 23.2
1 6.1 9.5
636.9 -37.3 -31.1 -11.3 -4.3 -1.8
2227.2 103 19.8 17.3 -2.2 5.2
2383.4 21.4 14.6 29.4 -5.8 21.9
1 3 7.8
636.8 -37.7 -31.1 -11.3 -4.4 -1.8
2222.6 98.9 18.6 13.8 1.2 3.1
2431.7 56.5 23 26.5 -0.5 22.5
1 0.9 6.6
636 -38.3 -31.7 -11.7 -4.8 -1.8
2227.5 92.4 23.7 10.4 4.2 0.5
2495.4 97.9 29.6 26.4 -2.8 19.9
0.9 1.1 4.4
633 -40 -33.4 -12 -4.9 -1.4
2240.9 81.5 32.2 8 5.8 -1.6
2597.4 157.1 44.6 33.6 -5.8 11.6
winner is: 11
