Regression analysis information for: common_voice_sw_38021900-04-016_0001
number of formants: 3
number of coeccicients: 5
27.1 38.2 10058.9
448.8 -5.7 -200.1 6.1 43.4 72.9
835.1 -138.6 -118.9 8.9 42 -13.9
1583.5 17.7 -60.2 -79.5 -26.2 -4.6
23.4 40.3 10052.8
449.6 -4.4 -190.8 14.2 26.9 84.8
835.3 -139.7 -103.4 4.2 28.6 -4.6
1616.6 6.3 -37.2 -47.8 -49.2 -4.8
41.8 48.4 10040.8
465.2 -14.7 -194.2 25.1 23.9 76.1
846.2 -151.7 -98.8 2.1 24.7 -9.2
1652.3 -12.7 -20.1 -27.3 -50.3 -15
64.7 92.5 10044.1
510.3 -66.3 -169.3 -8.7 30.8 96.2
908.1 -238.5 -46.8 -50.5 65 15.7
1689.6 -0.6 -28.6 -28 -31.6 12
72.9 103.9 10055.5
527.3 -73.9 -176 -14.4 30.3 89.8
939.7 -232.9 -61.6 -41.7 104.6 28.9
1714.8 24.3 -12.5 -29.4 -24.1 23.4
73.4 175.8 10061.6
551 -64.2 -186.4 -11.4 33.6 86.9
1060.4 -138.2 -138.6 -149.8 89.4 82.4
1767.5 78.5 -11.2 -20.8 -13.5 18.1
82.4 192.7 67.5
601.7 -115.8 -157.7 -13.6 63.4 35.5
1168.6 -134.2 -133.8 -151.9 176.8 105.2
1809.5 63.5 30.5 -20.6 48 10.8
50.6 203.7 72.1
661.9 -182.4 -94.7 -49.2 61.9 25.7
1279.3 -162.4 -42 -133.4 156.9 169.7
1844.3 70 67.2 -31.8 53.4 -0.9
41.4 131 88.9
677.9 -162.3 -89.9 -49.1 38.4 5.1
1418.8 -35.4 16.1 -232.9 -28.1 30.3
1876.4 121.7 59.5 -65.7 -25.9 -33.9
40.3 148.6 88.3
677.5 -161 -91.1 -43.5 35.8 4.9
1401.9 -45.9 64 -183.7 -0.9 20.6
1884.5 100 72.4 -71.5 -22.5 -16.7
45.9 197.8 116
674.5 -167.5 -98.4 -43.8 40.9 -1.4
1377.3 -59.7 39 -187.1 25.6 62.5
1928.9 68.6 124.2 -126.2 -23.6 -58.2
52.2 202.3 136.8
672.8 -194.6 -108.5 -34 46.7 12.1
1363.3 -119.7 40.3 -160.9 69.4 131.6
1965.4 4.9 179.1 -137.6 -33.1 -39.1
46.7 214.9 137.4
674 -202.4 -115.4 -33.4 47 13.8
1373.4 -189.8 -31 -145 71.3 173.6
1990 -65.7 214.1 -149.4 -32.8 -14
43.8 204.2 179.9
681.4 -192.6 -95.8 -56.2 32.2 16.5
1432.6 -130.4 -62.3 -268.5 -63.2 65.8
2073.8 -70.9 266 -236.1 -103.7 -55.7
43.1 188.2 220
698 -197.6 -100.9 -44 27.1 -0.2
1517.1 -43.4 -56.3 -253.7 -100.7 -23.6
2150.3 -77.4 255.3 -162.8 -145 -104
46.3 153.5 218.7
708.7 -192.2 -97.7 -46.7 26 2.1
1623.2 37.1 -2.3 -214.8 -90.1 -17.8
2203.7 -137.9 227.5 -199.6 -136.6 -44.2
45.6 153.7 211.7
712.5 -187 -108.7 -42.3 36.6 0
1623.4 72 1.8 -208.5 -79.1 11.6
2218.6 -39.2 167.3 -295.5 -92 -2
47.4 171.2 252.5
713.3 -187.1 -116.3 -37.6 49.3 2.5
1635.4 91.1 -12.5 -182.9 -54.1 -20
2301.4 -0.5 52.6 -279.8 -110.9 25.6
52.2 74.1 277
714.9 -191.4 -123 -28.2 55.4 15.7
1737.3 155.6 83.5 -34.3 3.7 78.2
2471.2 -41 77.2 -150 -164.1 128.5
49.2 53.3 212
724.1 -212.1 -131.8 -16.3 66.8 11.4
1765.8 132.3 61.4 5.7 -5 47.6
2637.5 -129.4 -83.6 32 -184.9 -1.5
winner is: 9
