Regression analysis information for: common_voice_sw_38021900-04-014_0005
number of formants: 3
number of coeccicients: 5
3.1 91.4 10248
220.5 2.4 -9.6 5.2 -1.2 -5.2
699.5 -101.4 297.7 -185.2 129.4 -108.6
1479.1 -170.5 58.1 94.3 23.2 85.7
2.1 91 10204.4
219.3 3.7 -8.3 3.7 -1.3 -2.8
704.7 -105.8 315.7 -185.3 146.4 -96.7
1598 -141.4 -149.1 52 226.9 154.6
2.3 111.1 10182.4
219.3 4.5 -9.2 3.3 -1.3 -1.9
711.9 -98.5 317.7 -198.8 152.4 -108.9
1752.4 -24.3 -305.4 -224 178.1 315
2.5 104 10179.1
219.6 4.5 -9.5 3.5 -1.5 -2
675.3 -18.4 251.6 -159.5 123.8 -117.4
1801.2 53.9 -356.4 -270.9 86.3 229
3.4 97.4 10207.4
219.4 2.9 -9.4 3.8 -2.7 -2.4
742 -87.4 337.3 -226.9 97.2 -151.2
1963.1 138.7 -197.2 -381 -74.8 41.7
3.4 105 221.6
222.4 1.1 -9.1 7 -4.8 -2.7
806 -155.6 420.2 -224.1 65.6 -89.1
2123 174.6 -143.1 -293.9 -33.1 24.8
10.9 135.7 246
228.2 -4.9 -14.8 17.8 -9.5 -6.7
814.6 -162.3 461.4 -231.3 85.2 -39.5
2204.9 135.6 -138.8 -235.2 -29.5 20.7
13.2 132.6 156
239.1 -17.7 -20.2 33.3 -21.3 -3.7
1030.6 -439 387.8 119.8 -231.5 55.9
2415.6 -71.8 -194.7 23.9 -221.4 43.9
15.7 91.4 137.8
244 -21.6 -26.6 41 -22.2 -9.2
1042.4 -441.3 344.1 136.6 -179.7 -4.1
2441 -92.7 -207 2.4 -188.3 9.6
16.3 69.6 108.7
245.4 -21.3 -29.8 41 -20 -10.2
1035.7 -440.8 353.6 122.3 -194.6 4.9
2449.7 -121.2 -205.1 -41.3 -186.6 -4.4
15.9 100.2 95
249.4 -20.6 -37.4 40.8 -14.7 -10.4
1064.3 -465.2 321.7 179.4 -196.9 -56.8
2495.1 -135.2 -171.9 -69.8 -161.8 -36.3
20.4 232.2 107.8
243.7 -14 -32.8 31.6 -12.5 -7.9
1160.6 -465.6 193.6 163.4 -137.7 51.7
2527 -119.5 -182.3 -67.2 -182.1 -27.2
16.7 412.8 135
248.9 -10.4 -44.3 26.6 -0.5 -6.5
1325.4 -492.8 -55.1 227.5 32.1 110.6
2579 -121.9 -217.2 -71.8 -124.2 -25.8
21.3 317.1 157
252.5 -9.8 -51.1 25.2 6.1 -0.4
1788.3 -170.3 -580 -283.5 -30.1 257.5
2679.1 -101.4 -327.5 -139.4 -45.5 -18.4
4.1 186.8 80.7
264.7 -10.4 -69.7 33 16.8 -15.8
1955.5 -66.8 -665.3 -141.8 116.8 72.4
2726.6 -50.4 -152.6 32.4 96.4 -52.6
4.2 175.5 62.6
265.7 -9.9 -70.6 33.1 17.2 -16.3
1961.9 -53.9 -652.8 -147.6 113.5 86.1
2693.5 -55.1 -99.1 29.6 63.4 -30.4
4.1 176.5 42.1
265.1 -9.6 -70.7 33 18.2 -17.6
1985.3 -27.8 -652.1 -165.1 78.4 81.3
2676.4 -36.9 -83.3 14.1 32.5 21.1
3.8 168.2 47.2
263.9 -10.5 -69.9 33.6 17.8 -19.7
2007.3 -19.1 -663.2 -186.5 18.8 39.9
2719.5 -32 -132.3 -26.4 63.6 41.7
4 174.1 92.1
261.2 -10.9 -67 34.2 18.3 -21.8
1998.2 -73.1 -695.3 -168.4 14.5 43.8
2833.4 36.6 -235.8 -149.4 33.9 21
4.8 195 92.6
256.8 -10 -60.9 33.1 17.6 -23.2
2000.5 -120.7 -724.1 -99.2 50 43.5
2899.5 41.3 -349.1 -202.4 108.3 68.8
winner is: 10
