Regression analysis information for: common_voice_sw_38021900-04-010_0010
number of formants: 3
number of coeccicients: 5
25.4 20.2 10028.8
432.9 -2.2 -12.6 -3.4 1.9 -27.4
756.2 -35.3 -45.8 -37.4 -34.1 -25.2
1410.5 103.2 24.8 -41.6 -55.3 -53
22.6 18.9 10031.1
432.2 -1.8 -28.7 -5 1 -26.2
751.9 -42.2 -51.2 -41.7 -37.4 -25.2
1424 119.5 13 -48.5 -53.7 -48.4
25.4 19.1 10026.6
436.4 7.1 -28.6 -6.7 10.8 -19.9
749.2 -37.5 -48.6 -42.2 -37.6 -24.6
1448.5 134.9 22.9 -51.2 -42.9 -33.3
83.8 103.7 10082.4
435.1 19.2 -55.5 -30.1 51.8 -44.7
802.1 -54.5 -164.8 -30.4 38.7 -38.8
1493 131.9 -69.2 -58.1 -8.8 -40.8
100.4 137.2 10096.7
567.4 -128.6 -91.6 52.7 -27.7 23.2
985.8 -281.8 -177.2 56.5 -39.8 10.2
1633 -60.2 -102.6 11 -68.6 18.1
34.3 56.3 10031.9
642 -181.3 -101.5 -5.6 35.6 22.8
1064.3 -348.6 -143.9 -50.6 36.7 4.3
1709.4 -62.5 -120.7 -38.2 -44.8 2.4
41.6 93.1 39.7
657.7 -159.8 -99.1 -13.7 32.6 33.9
1137.1 -241.2 -95.6 -20.6 77.8 76.9
1739.4 -11.1 -88 -21.9 -37.6 8
33.4 96.5 8.5
678 -129.4 -86.7 -14.8 32.9 47.5
1192.2 -158 -67.3 -1.4 102.1 133.3
1771.9 33.4 -38.6 3.8 -17.7 3.5
32.8 92.4 7.9
686.6 -121.3 -86.3 -24.2 21.4 41.1
1213.9 -181.2 -78.2 -46.7 70.2 113.9
1779.8 18.2 -24.4 -8.7 -8.4 -6.2
26.9 153.5 10010.5
689.5 -114.5 -79.8 -24.9 9.8 25
1138 -182 100.5 -12 -39.4 51.2
1775.3 16.9 -14 -18 -6.1 -10.3
21.8 176.7 10044
700.1 -98.6 -77.8 -39.1 -7.3 14
1108.6 -124.7 122.9 -35.3 -85.2 85.7
1777.3 14.9 -2.4 -33.8 7.3 -21.8
24.3 196.5 10046.4
691.2 -103.6 -75.4 -35.5 3.4 22.7
1057.9 -39.4 156 -34.6 21.7 32.6
1772.1 39.9 -6.7 -27.1 8.4 -10.9
27.2 238.8 10062.4
686.5 -108.8 -78.7 -32.3 8.9 21
1065.1 -24.6 127 -38.9 20 41.4
1774.2 56.5 -20.9 -24.1 -7.3 3.2
25.4 288.9 10131.2
696.8 -98.4 -80 -42.5 -8.6 9.7
1172.3 25 1.2 -238 -48 115.7
1838.4 86.5 -33.5 -115.6 -15.8 7.3
20.7 206.8 10153.4
704.9 -98.5 -89.9 -46.3 -10 11.7
1276.1 -16.1 -164.1 -326.7 65.6 172.8
1918.8 -9.8 -49.9 -229.8 146.5 -49.9
23.8 222.9 174.5
705.5 -102.7 -93.1 -38.9 -6.1 17.8
1305.6 -3.2 -259.7 -255.7 68.4 172.1
1903.6 112.6 -243.5 -92.7 82.6 -27.8
19.6 217.4 181.4
713.6 -95.8 -91 -42.5 -16.9 8.8
1431.2 -74.1 -335.5 -157.5 65.9 73.4
2004.8 19.2 -298.2 -44 169.5 -180.1
34.8 202.3 218.9
699.6 -116 -109.8 -49.6 -16.5 4
1482.3 -169.7 -350.2 -66.9 26.5 105.3
2157.1 -149.9 -256.1 -40.4 89.6 -182.1
27.9 160 226.3
706 -115.5 -96.9 -37.9 -10.8 18.3
1490.8 -239.5 -353.3 -89.4 -5 127.5
2267.1 -185.9 -230 41.7 88.3 -55.1
39.5 108.6 316.4
695.5 -126.9 -88.5 -16.5 9.7 27.6
1383 -374.1 -318.4 35.5 56.4 51.3
2265.7 -268.1 -165.3 131.5 106.8 -145.9
winner is: 9
