Regression analysis information for: common_voice_sw_38021900-04-012_0011
number of formants: 3
number of coeccicients: 5
11.8 10.5 10091.7
343.9 88.3 82.4 45.6 33.4 13.7
606 47.7 52.9 -3.2 11 -19.6
1719.7 -25.7 -54.6 -84.5 -69.2 -44.5
12.5 10.1 10066.8
349 107.7 92.9 61 45.4 22
602.8 50.4 47.4 -0.8 10.8 -19.3
1807.1 74.8 -144.4 -117.9 6.6 22.7
12.3 39.1 28.7
359.3 124.1 107.2 73.4 53.2 26.9
641.2 121.8 116.4 62.7 72.1 35.8
2034.7 343.1 -63.5 -56.4 16.4 42.5
13 43.4 17.7
366.9 130.4 113.1 74.6 49.7 20.7
659.9 151.9 145.8 84.3 92.2 50.9
2083.6 291.4 -94.7 -9 8.3 7.7
12.2 44.8 21.8
366.8 119.9 110.8 72.1 52.6 23.1
650.3 138.3 128.5 71.9 83.5 43.1
2147 215.9 -109.1 34.2 4.3 -23.1
13.7 46.9 32.8
376.4 118.2 121 66.7 54.4 14.6
648 148.8 124.2 74.9 82 47.1
2200.2 148 -105 48.1 11.6 -47.5
18.6 20.9 39.1
376.4 102.7 125.9 52 71.3 6.4
608.8 121.6 53.9 43.3 27.6 15.2
2251 63.8 -61 25.6 26.3 -69.8
37.9 197.3 45.3
390.7 89.3 139.9 49.9 67.2 10.9
719.9 -39.8 149.8 69.5 -53.2 113.2
2312.1 -25.5 -34 49.2 -17.5 -23.7
62.6 492.3 91.1
416.4 109.9 152.9 46.6 24.4 -3.2
1034.5 -6.6 492.9 -10.6 -247 -62.1
2388.4 -49 24.5 46.7 -59.2 -29.4
60 435.8 76.3
444.2 98.5 157.8 54.5 -13.3 8.5
1326.6 218.1 821.8 342.8 -232.4 107.6
2440.3 -21.3 56.7 92.3 -63.3 -9.3
69.5 359.3 72.1
435.7 114.5 182.7 17.1 -32.9 39.5
1521.1 260.3 847.4 70.1 -519.3 40
2482.4 -22.1 37.8 35.9 -112.4 -15.3
43.3 330.4 84.6
497.2 74.5 98.6 106.6 -27 -62.4
2137.1 0 119.9 248.2 -206 -306.2
2608.5 -86.9 -113.5 87.3 -50.4 -91.5
26.7 27.5 38.8
519 66.2 79.5 82 1.4 -30.1
2345.2 -20.1 -74.7 50.9 22.9 -48
2688.7 -120.8 -119.6 44.8 39.8 -91.5
40.1 114.6 75.7
513.3 84.3 64 93.9 -15.8 -17.8
2311.9 62.7 -156.1 139.9 -61 44.2
2656.4 -89.2 -78.6 64.9 -35.3 -57.4
28.6 24.9 74.4
517.6 65.5 77.5 83.7 3.2 -27.4
2355.8 -20.3 -73.2 55.7 20.2 -40.2
2670.3 -101.7 -58.4 42.2 -14.9 -94.2
29.3 20.9 64.8
518.6 65.9 79.9 82.7 2.5 -32
2359.7 -25.6 -69.9 52.4 12.3 -35.4
2666.4 -76.5 -82.3 21.2 -4.9 -81.2
29.4 13.5 54.8
515.5 59.8 81.9 86.6 9.1 -30.1
2378 -47.9 -57.5 57.4 -11.8 -6.3
2701.8 -73.9 -123.9 36.6 0.6 -77.2
28.3 23.6 45.2
514.3 60.6 84.4 87 8.6 -35.3
2390.8 -60.6 -57 64.8 -36 21.2
2740.1 -89 -171.7 33.9 0.4 -33.5
26.1 19.9 37.4
507.7 60.5 87.6 91.7 10.1 -36.4
2397.5 -60.2 -63.1 62.2 -33.4 21.4
2833.8 -174.5 -176.7 34 -41.1 82.3
25 18.1 47.3
500 63.3 89.5 97.4 8.6 -34.7
2406.6 -64.3 -62.1 57.2 -30.8 22.2
2869.5 -203.3 -144.6 5.9 -19.3 91.3
winner is: 4
