Regression analysis information for: common_voice_sw_38021900-04-012_0009
number of formants: 3
number of coeccicients: 5
16.6 29.5 10054.8
454.8 -39.1 -64 -23.8 11.6 25.3
793.2 -78.1 -86.2 -2.9 34 47.9
1603.7 -139.8 -83 52.2 112 90.8
21 37.1 10056.1
461.2 -9.2 -71.4 -43.1 -9.3 19.9
811.7 -42.6 -102.5 -42.6 -8.4 41.4
1660.7 -62.7 -76.6 -3.2 51.3 77.4
19.2 38.5 10044.5
469.1 6.9 -59.9 -50.1 -31.2 8.7
823 -19.4 -100.2 -58.5 -41 22.9
1701.4 6 -46.1 -8.4 20.7 43
9.1 34.5 10007.1
483.8 27.7 -39.1 -39.9 -47.9 -17
828.4 -15.9 -90.8 -61.2 -59.2 -3.6
1740.4 71.8 -6.3 -0.8 -1.1 6
6.2 36.2 10002.4
486.4 39 -31.8 -30.2 -43.1 -27.5
826.3 -7.4 -81.7 -47.5 -62.9 -24.6
1745 80.9 -4.3 -0.5 -4 -0.9
10.2 42.7 10003
499.6 56.8 -10.8 -12.3 -33.2 -28.8
827.8 -7.1 -66.7 -32.9 -56.6 -41.5
1747 80.3 -1.9 2.9 -1.5 -2
7.1 40.3 10003.6
505.4 55.5 -7.1 -7.3 -26.5 -27.8
824.4 -4.1 -58.7 -11.2 -38.2 -30.4
1749.5 81.3 0.2 6.7 1.5 -2.5
4.3 27.9 10002.9
516.7 52.4 -3.5 -5.4 -19.3 -25.9
796.3 -44.8 -79.6 -0.1 -5 13.3
1753.9 80.3 -1.4 7 4.3 0
10.6 12.8 10002.5
524.8 30.8 -7.4 -8.6 -10.5 -16.8
766.3 -83.3 -118.7 -20.3 -7.7 32.4
1757.8 76.4 -4.6 6 5.1 3.2
13.7 90.6 10046.1
541.9 11.3 -8.9 -23 -0.7 -21.6
788.6 26.4 -46.9 73.9 64.1 121.4
1785.2 123.3 37.6 48.1 50.1 46.6
15.2 96 10048.4
543.3 31.7 -39.4 -18.3 2.1 -6.4
776.2 45.2 -32.3 71.7 59 117.1
1790 124.7 36 47.5 51.6 50.1
92.9 210 10154.9
470 80.9 -98.3 -49.5 35 33.8
837.5 -111.1 107.6 -11 92.4 112.4
1866.2 -16.6 149 -30.6 81.4 62.6
73.4 158.1 106.3
613.1 -156.5 -77 35.1 -32.6 24.8
1242.1 -577.1 4.4 260.2 68.6 -40.4
2269.7 -495 52.5 235.1 48.3 -66.2
50.8 264.2 201.5
642.2 -128.7 -94 25.7 -33.3 -17.4
1408 -373.9 -23.6 206.3 51.5 -170.3
2401.1 -344.6 -1.3 190.8 55.9 -147.6
40.6 185.7 169.2
663.9 -84.9 -66.7 66.3 11.8 5.9
1597.9 -71.3 130.7 296 175.9 -69.2
2525.6 -139 48.9 202.8 127.9 -73.5
12 4.4 21.9
687.3 -65.2 -73.8 34.8 -6.2 8.1
1744.7 74.1 -3.5 2.8 5.1 5.9
2661.1 4.4 -68 -84.1 -37.3 11.1
13.7 4 23.9
683.9 -60.5 -80 36.6 -10.6 8.3
1744.4 69.7 -0.9 7.6 9.1 5.4
2662.5 -41 -51.5 -77.7 -19.7 7.5
12.3 3.4 16.4
685.7 -60 -77.2 35.3 -8.4 8.3
1749.3 65.6 -2.8 7.5 6.8 6.3
2696.1 -69.2 -38 -78.2 -31.3 17.3
13.4 3 13
677.2 -58.6 -86.2 35 -12.2 6.7
1755.6 70.2 -1.8 9.5 7.6 5.6
2719.2 -82.5 -40 -71.4 -36.7 19.2
12.1 3.7 17.2
667.5 -61.6 -87.1 32.5 -17.4 5.3
1764 73 -6.5 9.3 9.7 4.6
2765.9 -92.6 -65 -76.9 -18.6 19.9
winner is: 19
