Regression analysis information for: common_voice_sw_38021900-04-006_0001
number of formants: 3
number of coeccicients: 5
7 3 10003.7
357.2 -127.7 30.5 0.3 28.3 -18.6
798.3 -53.5 30.4 22.6 -4.1 -7.1
1369.1 29.8 8.8 -0.7 0.5 -8.9
6.9 2.6 10006.8
347.8 -109.7 24.1 -4.3 38.5 -27.3
797.5 -44.5 28.8 21.2 -3.4 -10.3
1368.8 36.4 5.7 -9.4 6.8 -16.4
7.5 3.1 10007.4
339.2 -91.8 12.8 4 31.4 -21.8
798 -34.2 30 25.7 -2.5 -8
1363.6 61.7 -2.1 1.1 -0.2 -8.5
13.5 5 10006.2
340.2 -91.9 17 11.2 28.6 -22.2
802.4 -25.5 37.2 32.1 -3.8 -8.9
1370.4 71 -2.4 1.2 0.5 -4.8
60.1 94.3 10081.3
373.4 -71.5 -18 -42.7 25.7 31.2
861 18.7 -28.1 -60.2 4.8 89.1
1427.6 104.7 -63.2 -80.6 6.8 81.3
46.1 82.6 10076.4
426.7 -53.7 -107.8 -78.7 99.5 79.3
943.8 52.1 -161.8 -127.5 102.9 165.3
1512.9 137.4 -193.5 -146.7 84.7 145.2
38.2 73.6 10089.2
457.7 -28.4 -124.5 -119.1 57.8 64
989 97.1 -193.3 -185 51.2 136
1542 162.4 -201.9 -172 29.6 71.2
45.4 83.3 10109.2
475.8 -24.1 -121.4 -137.5 58.3 39.9
1007.7 109.4 -215 -198.2 43.3 96.5
1566.7 174.5 -225.7 -170 19.8 2.6
56.9 93.3 10146.6
511.3 7.1 -87.3 -184.4 101.3 -59
1070.4 184.2 -233.7 -197.8 -6.8 -54.3
1628 337.8 -310.5 -125 -58.5 -191.8
9 57.7 65.8
654.9 -177.3 -92 -35 -37.4 -13.4
1201.5 9.2 -267.2 -81.8 -132.1 -37.1
2102 -244.4 -164.1 -118.7 -266.1 -179.5
4.6 7.2 56.1
666 -147.7 -78.1 -31 -35.1 -12.5
1304.8 168.2 -104.3 8.2 -25.9 16.5
2263.2 33 17.8 20.1 -102.9 -29.9
5.2 6.7 42.1
670.3 -143.1 -67.7 -24 -25.9 -8.3
1299.7 176.3 -124.3 8 -23 27.7
2285.7 37.7 -36.8 -17.1 -60 10.2
6.7 8 24.2
671.3 -140.3 -65.2 -18 -29.4 -4.4
1293.5 197.7 -148 27.2 -32 37
2315.3 34.9 -76.1 -32.1 -22.3 30.8
11.3 9.6 22.9
665.3 -137.9 -79.5 -13.4 -44.1 3.2
1297.4 199 -147.1 31.4 -32.3 31.3
2321.1 31.8 -63.3 -19.6 -30.5 18.3
16.8 19.2 14.5
642.9 -151.9 -114.4 -8.2 -54 17
1281.6 217.4 -167.4 26.7 -21.2 7.3
2339.5 44.9 -92.9 -12.4 -14.3 26.5
20.9 19.7 29.9
630.4 -155.4 -124.9 -10 -55.6 16.9
1276.1 221.8 -175.2 10.4 -5.1 -8.7
2403.7 46.3 -195.8 8.4 49.8 12
26.1 30.8 210.3
609.9 -167.4 -117.1 -5.7 -40.4 20.8
1240.2 233.4 -159 -21.6 2.2 -21.2
2241.1 66.7 134.8 -101.3 -266.5 114.3
23.5 17.9 198.6
601.8 -188.3 -108.7 8.4 -22.1 34.2
1223.4 237.9 -181.8 -45.8 30.7 -0.9
2300.5 49 -2.3 -105.8 -171.1 111.9
12 76.1 176.2
605.9 -214.1 -85.6 9.9 -7.4 31.7
1191.8 240.9 -130.1 -35.9 -30.5 -2.9
2373.6 42.1 -107.2 -116.8 -90.3 108.7
12.4 8.4 22.2
601.6 -229.8 -72.2 15.4 18.3 26.3
1200.5 257.7 -198 -27 54.5 3.2
2484.7 18.7 -330.2 -68.3 144.7 61
winner is: 13
