Regression analysis information for: common_voice_sw_38021900-04-012_0008
number of formants: 3
number of coeccicients: 5
1 1.3 10010.6
291.2 0.8 -1.3 -0.9 -2.2 0.5
573.6 -0.6 -15.3 4.4 -0.8 3.2
1589.8 -24.3 27.8 29.8 2.4 -12.8
1 1.9 10010.4
293.3 -0.6 0.3 -2.3 -1.2 -0.2
574 0.5 -16.1 6 -1.1 4.5
1645.1 -30.7 -23.5 10.8 18.9 -8.1
1.3 3.1 10009.1
296.7 -1.5 2.9 -3.2 0.4 -0.1
575.6 0.8 -17.2 7 -2.4 6.2
1720.3 -20.7 -98.9 -13.3 47.1 20.6
3.5 8 10012.3
302 -5.5 7.7 -6.7 3 -1.7
573.5 7.4 -24.3 13.4 -8 11.8
1796 -10.5 -169.3 -53.5 59.1 44.7
7.8 7.1 10013
304.2 -2.5 4.7 -1 -4.4 7.6
568.8 17.1 -33.9 19.9 -11.9 13.7
1858.2 -7.7 -216.6 -81.7 52 55.6
19.8 109.2 10060.2
307.6 -2.6 4.3 2.1 -8.8 11.4
602.8 -58.5 39.2 -65.3 74.4 -81.9
1921.4 -51.3 -199 -138 75.8 10
16.6 102.8 51.1
328.2 -37.6 37.2 -28.4 17.2 -12.6
733.5 -315.6 264.2 -248.6 197.3 -135.4
2028.9 -180.3 -103.9 -231.3 105.3 -18.9
12.7 139.3 64.5
346.2 -63.1 50.5 -22.8 0.5 15.6
840.1 -489.8 352.8 -207.9 57.5 83.5
2112.3 -258.5 -89.2 -203.3 29.3 52.9
11.3 153 51.6
354.5 -73.9 49.5 -13 -10.7 22.6
889.7 -554 349.2 -122.8 -61.4 177.5
2131.1 -287.1 -137.2 -135.8 24.7 47.8
9.9 150.9 44.3
362.2 -82.9 44.9 -1.4 -18.1 25.4
931.2 -612.1 316.3 -31.7 -149.4 178.3
2183.8 -315.7 -184.7 -78.3 -8.8 21.1
33.7 144.4 38.7
347.2 -119.2 20.3 4 -7.1 50
994.6 -728 306.6 33.5 -232.3 186.9
2232.4 -371.2 -195.6 -25.4 -53.7 26.2
39.1 221.5 25.4
406.3 -2 99.7 39.2 -17.2 4
1305.4 -231.8 715.3 211.3 -241.9 100.5
2479.1 8.5 55.8 121.4 6.1 23.3
38.6 358.2 78
439.4 30.4 72.4 -11.5 -89.6 -2.6
1618 -180.7 411.8 -119.1 -469.3 230
2483.7 -112.2 -173 -105.3 -109.5 0.2
31.9 214.6 68.1
479.2 38.9 -1.5 -21.6 -35 26.8
1907.8 -243.4 -138.8 90 103.8 84.5
2539.1 -82.2 -176.7 63 68.7 -38.6
4.3 40.1 8.7
494.4 33.5 -29.1 -4.2 -15.6 3
1861.6 -165.7 -50.3 -0.6 25.6 63.4
2518 4 4.4 98.6 35.1 14.9
4.4 59.3 26.6
493.8 34.4 -30.9 -3.9 -16.5 3
1974.8 -113 -123.7 -42.2 25.1 57.1
2533.4 16.3 23.4 121.6 46.2 21.6
3.9 62.9 33.1
490.9 38.4 -34.9 -4 -15.6 1.7
2209.9 -87.5 -264.3 -138.1 -92.4 38.4
2647 158.8 -77.2 -58.7 -35.5 18.7
3.7 42.3 25.8
488.1 41.6 -35.8 -5.6 -12.7 0.5
2296 -169 -330.2 -25.1 -128.3 -21.4
2726.4 110.7 -184.6 24.1 1.9 -34.1
3.5 57.8 19.2
484.5 47.3 -37.7 -6.3 -10.3 -1.3
2293.9 -159.3 -336.3 -21.9 -136.8 -13.9
2782.1 31.4 -166.5 72.1 -78 37.7
2.9 66.9 37.7
482.6 51.3 -39.2 -6.1 -9 -2.7
2231.4 -47.9 -439.2 52.2 -178.7 -6.8
2779.2 36.9 -175.7 82.2 -87.4 45.7
winner is: 15
