Regression analysis information for: common_voice_sw_38021900-04-004_0005
number of formants: 3
number of coeccicients: 5
21.2 65.5 10084.3
460.4 -59.5 -11.5 -24.1 16.5 30.6
801.6 -113.7 -19.7 33.8 74.3 -7.2
1238.9 85.2 54.8 -33.1 198.8 -101.8
25.5 72.9 10145.2
496.3 -46.7 -16.9 -71.1 -9.2 14.1
879.2 -116 -33.2 -69.7 39.1 31.6
1430.1 -92 92.9 -88.8 104.5 52.5
21 62.2 10031.8
518.5 -45.7 -21.8 -62 -20.2 3
908 -124.7 -38.2 -79.1 12.7 37.9
1605.1 -290.4 20.6 80.3 38.7 38.3
19.8 68.2 10036.1
517.6 -55 -18 -40.9 -3.1 9.8
905.3 -137.7 -31.6 -64.6 29.3 41.9
1617.8 -282 12.9 83.3 42.5 32.8
19.1 67.3 10026.7
508.9 -41.1 -29.9 -46.4 23.6 5.6
898.6 -132.2 -39.1 -59.3 56.9 39.5
1638.7 -275.3 -8.2 85.8 74.6 44.9
20.8 72.1 10051.6
516.1 -24.6 -40.9 -45 30.8 5.8
907.4 -104.5 -68.5 -77.5 35 43.2
1663.1 -247.4 -18.8 51.5 50.5 46.4
26.1 66.2 10047.1
515.4 -20.3 -34.7 -22.2 48.4 16.8
892.1 -105 -87.2 -60.7 26.3 55.4
1657.3 -256.7 -25.2 56.6 60 51
25.2 68.4 10081.5
528.9 -7.3 -39.1 -33.9 35.9 12.3
914.5 -75 -100.8 -99.3 -20.2 39.9
1691.9 -212.6 -36.4 2.5 -4.3 16.3
28.5 66.8 10096.9
545.1 1.9 -30.7 -27.7 37.2 11.2
921.1 -73 -115.2 -126.4 -49.8 21.8
1719.7 -174.2 -28.9 -17.2 -40.9 -13.9
33.8 66.9 10105.7
549 -20.3 -43.3 -52.9 6.4 -9.6
970.8 10.3 -65.1 -128.2 -84.3 -38.8
1778.1 -77.9 27.1 -16.8 -88.8 -86.6
26.1 62.8 10068.4
585.8 6.9 -9.4 -31.2 22.4 -8.7
1044.3 153.2 40.9 -63.6 -48.3 -55.7
1846.6 42.7 121.3 44.7 -62.5 -105.1
31.7 60.3 10054.1
611.9 -5 -3.2 -21.1 36.4 2.2
1063.3 196.8 76 -50.2 0.8 -27.3
1866.9 69.5 140.4 62.3 -35.1 -75.6
35.3 113.8 10050.5
628.9 -15.7 -11.7 -13.3 40.6 5.3
1109.3 132.8 143.6 -127.8 48.9 -31.1
1891.3 79.9 158.5 51 -14.7 -68.2
39.7 115.2 37.8
627.4 -9.8 -33.1 -19.2 57 -16
1219.1 -44 296.1 -274.3 148.8 -44.7
1920.4 56.6 180.2 15.8 0.6 -71.4
72.9 87.5 75.7
611.8 20.5 -15 -69.7 117.1 -15.5
1294.8 -79 337.6 -237.4 148.5 89.5
1964.1 8.7 205.2 14.7 -34.3 -6.1
32.8 92.3 133.5
688.3 -80.2 -35.5 39.8 -3.5 36.9
1491.6 -282.2 210.9 28.6 -40.2 133.7
2099.2 -132.1 132.3 196.8 -187.1 -29.2
10.3 29.3 68.9
703.8 -90.7 -62.6 67.6 4.3 11.6
1577.2 -314.8 68 131.4 31.2 16.2
2094.3 -105.5 156 112.6 -137.8 -13.2
11 32.9 69.2
700.1 -88.5 -73.2 70.5 2.9 16.9
1596.9 -304.1 16.5 149 66.7 10.6
2121.4 -128.2 164 98.5 -155.7 31
41.3 238.3 180.8
664 -71.9 -73.6 38.7 19.6 14.6
1331.7 -73.5 62.2 -7 17.5 -1.2
2052.4 -103.5 74.9 294 -234.1 -47.8
42.5 205.1 171.5
654.6 -70.6 -83.8 58 16.2 -16.2
1319.1 -140.1 79.4 94.5 -92.8 -27.7
2081.9 -177 38.6 396.7 -271.5 -36.2
winner is: 17
