Regression analysis information for: common_voice_sw_38021900-04-014_0001
number of formants: 3
number of coeccicients: 5
11.1 5 10022.3
442.7 19.6 -6.6 16.8 -10.5 12.5
683.9 87.7 -36.6 15.4 -4.3 2.6
1401.2 77.3 -120.5 -62.2 34.6 -21.6
11.1 11 10041.1
458.9 14.6 -2.9 14.9 -9.2 14.2
702.5 72 -37 27.1 -20.2 19.4
1488.3 29.2 -157.9 -48.2 3.2 21.6
9.4 22.9 10026.9
469.9 5.5 -15.3 12.1 -8.6 10.2
738.9 23.8 -33.5 47.1 -45.1 40.4
1650.8 -161.7 -195.7 35.6 -61.1 48.1
6.2 42.6 10027.7
482.1 7.7 -17.3 5.5 -2.5 5
766 -14.3 -15.6 34.4 -27.3 28.5
1689.2 -188.3 -190.4 18.1 -45.1 31.2
4.7 35.3 10031.2
503.3 30.7 -8.7 1.5 2.6 2.4
769.2 -32.2 -18 18.4 -0.4 -0.1
1719.2 -186.7 -169 0.4 -49.5 16.3
7.2 25.7 10018.5
530 86 17 2.9 -5.9 -6.4
715.2 5.7 -78.2 36.1 -18.7 14.3
1696.3 -119.4 -195.6 8.7 -54.3 -11.3
5.3 50.4 10016.3
542.3 100.4 14.1 -2.5 -4.7 2.2
863.2 265.2 93.9 121.7 -16.1 -22.1
1732.6 -62.3 -154.3 43.2 -38.8 2.8
2.8 50.1 10016.7
548.3 100.3 7.1 -6.9 -3.4 6.9
905 286.6 83.8 67.5 -58.6 -41.5
1758 -70 -137.3 44.6 -39.2 17.8
13.3 56.8 10022
549.9 111.7 -10.2 8.5 -17.2 22.7
940.6 320.3 50 39.7 -97.7 -11.3
1767 -81.8 -151.8 63.9 -59.9 30.2
2.5 57.2 76.6
564.7 89 -2.1 -2.8 -3.1 9.2
1204.5 96 103.8 -218.7 103.9 82.3
1887.5 -325.8 44.3 -123.6 88.9 -74.2
3.2 150.2 41.1
566.2 76 -9.5 -3.8 -4.8 7.1
1337.6 -113.5 -87.9 -96.9 -7 179.7
1983.9 -482.7 23.8 -4.6 -86.4 20.6
3.9 27.6 30.9
567 70.6 -14.4 -2.2 -4.4 6.7
1460.8 -247.6 -354.6 91.1 134.7 4.9
2008 -501.4 -14.1 40.4 -78.4 -27.5
4.6 111.6 10056.8
557.9 68.3 -12 4.9 -1.2 9
1221.9 -326.4 31.6 187.7 -88.3 -42.8
2014.3 -525.2 -24.3 57.1 -91.5 -40.5
3.9 151.3 63.6
557 72.3 -13.4 6.2 -1.9 6.5
1212.8 -239 -70.9 237.2 -48.6 -117
2031.2 -522.9 -40.5 78.4 -84 -64.6
3.3 127.6 75.6
559.3 81.9 -14.4 7.3 -2.9 5.5
1236.4 -184.5 -170.7 288.8 17.2 -186.4
2055 -534.8 -101.4 111.2 -48.1 -123
3.6 86.3 95.1
564.3 95 -13.4 5.8 -6 4.6
1272.4 -176 -226.3 315.3 131 -236.2
2094.2 -559.2 -213.5 130.4 52.4 -161.7
23.9 132.1 106.8
560.8 82 -20.7 3.6 4 22.5
1486.9 3.8 -485.1 20.1 31.1 -66.1
2463.9 -229.7 -567.5 -379.2 -119.2 -58.6
4.2 126.6 214.6
571.4 101.3 -8.5 -0.5 -10.6 5.4
1472.7 52.9 -380.2 2.1 -58.4 -139.6
2448.4 -163.2 -396 -349.3 -325.9 -231.2
5 65.1 150.9
574.7 107.1 -8.1 -0.5 -13.2 8.4
1542.1 46.6 -443.3 4.7 -24.9 -168.1
2585.8 -31.9 -452.3 -346.5 -196.1 -238.3
8.2 82.8 195.2
573.1 102.3 -8.8 -3.1 -16.1 7.5
1520 18 -487 -33.4 -71.1 -213.3
2630.6 108.7 -321.8 -306.2 -143 -193.5
winner is: 12
