Regression analysis information for: common_voice_sw_38021900-04-010_0003
number of formants: 3
number of coeccicients: 5
20.6 3.4 10038.6
378.6 42.3 -61.2 -42.2 4.3 21.6
604.3 -36.7 -17.8 4.4 -6 -8
1592.8 61 -126.1 -118.8 -31.6 -4.8
29.8 20.4 10041.4
378.8 33.7 -66.6 -39.6 8.4 16.8
593.8 -64.4 -45.8 -23 -25 -26.2
1632 14.5 -102.1 -137.3 -6.8 -25.5
30.4 17.8 10040.9
369.9 19.6 -58.1 -34.7 -6.7 -1.7
589.2 -72.9 -44.9 -28.3 -31.3 -31
1683.1 -69.8 -46.5 -169.4 35.1 -52.6
13.9 79.6 10066.9
376.3 36.4 -26.2 -12.4 -1.5 3.1
667.6 82.7 109.1 110.6 104.2 89.4
1778.2 44.7 87.4 -21.6 141.3 30.8
17.8 70.8 10050.2
366.4 35.9 -19.1 -31.5 3.6 21.9
680.1 113.6 136.1 126.7 119.1 94.1
1822.8 70.3 105.6 21.5 129.4 16.5
39.9 85.3 10036.8
360.9 55.7 12.8 -35.7 17.1 32.1
760.8 266.8 238.3 161.2 84.6 -6.2
1886.9 120.7 146.7 30.6 103.9 -19.3
50.9 199.7 69.9
459.3 19.2 -61.4 75.8 -51 -106.3
1211.3 231.4 -155.8 382.4 -210.8 -425.7
2088.8 92.1 19.1 101.5 -41.6 -159.8
35.1 142.3 62.3
512.7 14.9 -112.9 21.2 -64.4 -42.3
1388.5 297.7 -361.6 77.2 -143.8 60.1
2188.1 104.8 -66.9 -20.5 -23.8 -2.2
22.9 105.4 46.6
527.8 3.1 -121.1 3.8 -56.2 -22.8
1407.5 300.1 -390.8 78 -112.7 83.7
2208.1 90.8 -65.8 -26.6 -11.4 23.2
24.4 117.2 42.8
535 -3.2 -111.4 2.1 -54.8 -20.3
1432.9 272.5 -398.8 98 -155.7 64
2223.9 80.2 -74.9 -25.5 -0.3 28.3
22.4 187.4 49.8
536 -14.2 -109.5 -6 -52.7 -24.2
1492.9 193.6 -387.8 63.2 -140.6 1.3
2239.1 60.9 -63.3 -35.7 21 12.4
25 268.8 53.5
539.8 -22.6 -103.8 -10.2 -49.4 -24
1607 73.4 -372.9 24.9 -136.2 -62.9
2252.4 41 -54.2 -53.4 28.8 3.2
26.2 271.3 71.5
541.2 -15.4 -102.8 -3.3 -53.4 -18.4
1766.1 66 -325.4 110.2 -197.7 -69.5
2290.5 54 -25 -49 39.7 9.7
40.4 277.3 88
523.9 -14.3 -126.5 -7.5 -54.2 -28.3
1830.3 6.9 -379.4 65.5 -246.5 -157.5
2346.8 21.9 -59 7.7 15.2 -40.9
52.4 328.1 67.3
502.1 -33.2 -54.9 -78.5 -45.6 36.5
1747.2 -134.9 56.9 -626.7 -192.3 238.4
2356.7 -60.4 8.1 -77.1 -15 68.4
68.3 458.8 93.4
498.6 -6 -40.4 -95.1 -14 30.3
1646 -260.8 86.2 -291.1 227.1 188.7
2369 -30.5 -14.3 -43.1 12.7 45.1
14.8 293.1 57.7
549.5 -33.9 -81.8 -18.4 -38 -26.3
1904.5 -300.5 -87 130.9 93.5 -102.2
2441.5 -51.5 -51.1 70.5 -12.2 -21.3
15.9 242.9 52.1
550.9 -34.6 -79.5 -15.9 -38.1 -26.2
2005.2 -128.7 -52.7 58.3 -20.6 -179.5
2449.9 -25.3 -37.1 67.2 -2.7 -13.5
15.2 66.8 47.3
553.4 -32.8 -80 -13.7 -40.2 -23.7
2117.1 16 -77.4 -100.8 -93.5 -108.6
2450.2 -11.2 -13.6 66.3 30 3.1
16.1 65.7 47.7
549.3 -32.2 -88 -12.5 -45 -22.9
2127.9 7 -31.8 -88.4 -55.4 -102.7
2462.2 -4.2 2.2 58.9 37.8 -4.8
winner is: 19
