Regression analysis information for: common_voice_sw_38021900-04-002_0005
number of formants: 3
number of coeccicients: 5
2.3 11.5 10013.2
317.5 5.4 -24.5 -1 5.1 -1.6
680.7 143.1 -54.7 -53.7 14.3 5
1349.4 137.3 -17.9 80.6 -48.2 -10.8
2.4 12.4 10014
319.9 6.2 -25.3 -1.9 4.9 -1.9
693 152.7 -60.9 -60.3 12.8 3.6
1463.6 150.7 -83.6 9.6 -45.4 -0.7
2.4 13 10009.7
321.5 6.5 -26 -2.3 5.3 -2.5
699.4 157.1 -63.1 -61.1 13.1 1.6
1541 137.8 -164.2 -21.7 17.6 8.6
2.8 13.6 10004.9
323.6 6.7 -26.4 -2.5 4.9 -3.6
708 162.8 -66.4 -63.5 10.9 -2.2
1565.9 102 -136.6 -20.9 19.4 -1.4
2.7 12.4 10003.9
326.7 6.1 -27.1 -0.8 4.3 -5.1
719.5 169.5 -67.8 -52.9 17.2 -6.4
1590.3 80.9 -122.4 -15.1 14.2 -4.2
2.5 12.1 10005
327.3 4.7 -27.1 0.2 3.8 -5.2
719.5 166.7 -67.8 -50.1 17 -7.5
1599.2 59.6 -114.4 -13.5 11.9 -2.6
2.4 12.3 10005.5
328.6 5.4 -26.9 0.4 3.5 -5.4
724 172.8 -65.2 -50.9 16.1 -6.8
1610.3 55 -105.5 -12.1 8.6 -0.8
2.7 15.3 10008
330.2 5.9 -28.7 0.7 4.2 -5.6
728.8 174.4 -74.2 -59.1 14.3 -7.4
1622.6 56.1 -110 -7.7 9.3 0.9
2.4 17.3 10005.8
332.4 6.5 -28 2.3 3.2 -6.3
735.2 181.6 -72.3 -58.8 12.8 -10
1639 51.1 -97.8 0.3 4.1 4.3
2.2 19.6 10006.6
337.6 8.9 -29.1 3.5 2.2 -7.6
749.2 196.5 -73.4 -61.2 11.8 -13.4
1664.1 52.9 -92.2 1.5 3.3 4.9
2 20.7 2.7
345.5 12.7 -29.2 5.1 0.6 -8.2
773.3 226 -63.4 -52.1 16.4 -17.2
1695.1 47.8 -80.2 -3.5 -1.2 8.2
2.2 25.2 4
353.1 14.7 -31.6 5.4 0.5 -8.2
791.3 247.9 -63.3 -57.4 17.8 -19.1
1724.5 29.2 -64.8 -16.4 6.8 8.1
2.2 31 14.4
361.7 16.2 -31.7 3.1 0.5 -7.1
817 280.4 -59.9 -63.4 15.3 -25.3
1770.4 -29.2 -11.4 -61.1 37.5 -9.9
4.7 32.4 10010.9
367.5 2.2 -32.1 -0.7 2 -6
801.3 257.9 -92 -98.1 14.2 -14.6
1822.6 -129.7 54.3 -99.6 57 -4.9
6.7 98.8 59.2
383.1 2.5 -48.8 1.5 6.6 -4.2
1118.2 210.7 -569.5 32.2 172.2 -113.4
1994.3 -220.1 -179.2 56 127.4 -100.4
6.9 116 79.4
391.8 9.9 -57.2 -2.5 -0.4 1.7
1182.1 241.1 -578 -21.1 24.6 -131.5
2057 -147.3 -292.2 -51.1 151.6 -48.4
9.5 94.4 109.6
394.6 30.2 -45.5 -4.2 6.4 -1.1
1203.3 365.3 -560.8 -122.3 -3.5 -237.9
2183.6 -63.8 -423.7 -104.3 -80.2 -277.7
5.8 154.5 206.3
395.7 30 -26.4 6.7 -3.1 -0.1
1267.9 538.1 -324.4 35.3 29.2 -185
2255.7 135.3 -5.2 186.7 -139.7 -315.5
14.4 131.1 184
389.1 24.5 -18.5 -0.1 4 -0.6
1183 556.8 -184 36.2 3 -150.7
2172.5 141 228.9 206.6 -12.5 -97.3
19.7 170.6 175.5
390.5 13.3 -7.3 -7.7 4.2 12.6
1193.4 597.1 -177.9 -1 12.8 -50.3
2232.7 137.7 337.4 207.5 -12.4 -17.6
winner is: 11
