Regression analysis information for: common_voice_sw_38021900-04-012_0006
number of formants: 3
number of coeccicients: 5
2.1 10.2 10011.3
275.8 27.8 -3.9 6.4 -2.5 5.8
569.3 10.1 40.9 -0.2 30.5 5.3
1117.7 -58.4 -37.9 -24.8 -35.4 -9.3
2.5 13.1 10009.1
275.4 32.5 -2.6 7.7 -0.9 6.5
577.8 22.5 57.1 7.2 40.7 9.7
1114.4 -62.2 -37.6 -32.6 -32.2 -11.2
2.3 14.8 10012
274.9 30.8 -2.2 6.9 -0.7 5.4
572.5 21.3 51.4 6.9 39.8 7.7
1114.8 -52.3 -31.9 -31.6 -28.8 -13.3
2.6 18.7 10015.2
275.3 34.6 -0.9 9.5 0.6 6.4
582.5 33.9 70 18.2 52.4 13.7
1111.1 -62.3 -38.4 -36.9 -29.9 -20.4
2.9 21.4 10016.7
276.6 35.1 0 10.7 1.3 6.9
588 40.2 78.4 23.4 58.5 16.6
1115.1 -70.6 -39.8 -37.5 -31.1 -25.1
3.1 21.3 10016.9
278.7 32.4 0.4 11.2 1 7.2
585.6 37.5 71.6 21.1 54.4 14.7
1125.1 -76.2 -42.4 -28 -39.3 -25.9
3.3 19.6 10024.2
284.8 33.4 2.1 17.7 0.2 9.1
591.5 22.8 77.2 4.4 52.8 0
1148.2 -118.1 -51.1 -15.4 -48.5 -38.4
11.1 38.5 10124.4
312.6 -2.2 1.9 43.3 -31.9 27.7
580.1 23.2 79.5 -23.9 78.7 -14.5
1151.4 3.1 22.4 -7.5 76 18
8.1 24.3 10107.8
338.4 -19.6 -15.2 67 -36.5 12
663.1 -56.3 157.9 33.1 23.2 83.6
1269.3 -63.5 66.6 147.4 -11.3 104.7
12.3 80 10046.9
367.5 -9 -60.5 66 -2.4 9.1
732.2 -38.4 124.7 93.3 91.2 39.5
1373.9 -61.5 132.5 144.7 74.6 -13.2
6.7 48.5 7.6
382 -8.6 -67.1 45.9 -10.6 14.4
869.4 115.1 35.7 -133.2 4.6 20.9
1427.1 -2.7 123.4 76.3 8.7 -77.9
17.7 33.5 10012.9
345.1 35 -48.1 4.5 10.8 26.2
787.8 175.7 84.9 -165 -24.1 -1.3
1411.4 17.8 144.7 53.1 -2.4 -82.8
5.9 35.7 10016.1
315.3 36.3 -18.4 10.3 -7.6 10.7
727.6 154.4 132.7 -65.8 -55.7 -75.8
1394.3 24.8 146.9 66.4 -1.3 -86.9
4.8 42.1 10028
312.3 28.3 -20.8 12.7 -4.5 9.6
714.1 144.8 128.8 -50.3 -44.5 -76.3
1374 2.5 138.6 97.7 29.9 -60.9
8.4 27.2 10019.9
324.4 27.9 -39.4 14.3 4 21.6
671.1 119 172.9 -47.2 -39 -53.6
1373.4 -8.9 144 90.9 28.7 -62.1
21.8 124.7 272.3
364.9 -11.3 -86.6 70.3 4.2 -9.5
940.2 -41.4 -204.8 229.4 35.1 -147.4
2021.9 -297.5 -761.1 547.5 301.2 -89.1
9.4 58.4 316.6
385.4 -22.6 -88 56.7 -8 24.9
1044.6 -78.4 -199.4 122.7 -69.9 58.8
2342.9 -347.2 -819.2 176.4 -58.8 472.1
8.2 59.2 284.5
388 -22.5 -84.2 56.6 -5.4 25.9
1045.7 -47.4 -208.3 107.5 -79.4 50.5
2310.9 -308.6 -745.9 136.8 -119 390.4
16.2 127.6 237.7
392.3 -35.9 -76.3 55.7 -1.9 30.8
1081.3 -162 -109 104.3 -25.2 62.7
2407.1 -690.9 -443.3 73.9 183.9 311.5
4.9 47.1 166.1
399.7 -38 -66.2 43.5 2.5 19.8
1153.4 -210.3 -44.9 -26.1 4.7 -35
2501.3 -728.2 -446.2 -53.3 243.8 246.4
winner is: 11
