Regression analysis information for: common_voice_sw_38021900-04-004_0003
number of formants: 3
number of coeccicients: 5
2.5 25.9 10122.5
384.5 64.7 32.3 22.2 12.2 6
770.7 107.4 -32.6 -83 -40.5 -13.9
1413.2 120.5 -31.9 -220.1 -336.9 -273
3.9 3.8 10042.1
401.9 96.5 55.8 37 19.8 8.3
802.8 154 3.4 -48.3 -15.3 0.7
1697.2 455.9 9.5 -155.2 -19.6 91.3
5.4 3.1 10045.8
401.9 95.7 58 41.7 24.6 12.3
813 142.9 1.4 -36.4 -16.7 -0.8
1742.8 452.1 -46.6 -149.3 10.5 84.3
4.6 2.2 10029.4
395.1 80.6 47.5 36.3 21.2 12
826.5 118.2 -7.7 -17.6 -26.4 -7.5
1784.3 442.8 -84.2 -120.9 22.3 56.6
1.6 4.4 39.8
383.1 55.1 26.6 20.9 9.7 5.8
841.5 87.5 -20.5 1.1 -40.4 -10.7
1828 433.4 -130.7 -74.5 60.6 22.3
1.5 8.6 36.4
383.5 52 25.6 19.4 8.9 5.5
866.8 55.8 -24.5 18.9 -52.4 -12.1
1852.3 389.2 -190.5 -24.1 86 -26.2
1.3 11.1 35.6
386.2 51.2 27.7 18.1 8.1 4.4
929.1 -31.9 4.3 44.1 -99.7 31.3
1868.3 422.1 -243.5 10.3 71.7 -126.3
1.3 27.6 88.2
390.5 53.4 32.1 17.9 7.9 3.5
988.8 -131.3 73.5 2.9 -83.4 24.4
2117.7 37.6 -49.9 50.3 -84.1 41.7
1.3 6.2 11.3
394.4 57.4 36 17.5 7.7 2.5
1003.7 -159 98 -26.8 -64.8 6
2148.9 -20.6 9.4 -15.6 -19.9 -29.9
1.7 2.5 9.3
396.2 60.5 37.9 18.6 9.5 3.9
1002.1 -154.7 99.8 -38.8 -58.6 7.1
2156 -9.6 17.6 -6.9 -19.3 -19
4 5.6 11.7
392.5 51.9 22 2 -4.6 -5.4
1004.7 -172.6 73.4 -46.8 -56.7 5.7
2169 -21.9 26.2 -23.7 -8.8 -25.3
55.3 122.6 41.4
392.7 51 19.3 8.9 20.1 34.6
1085.3 18.8 217.5 117.9 122.9 132.8
2205 20.5 82.3 10.5 48.1 3.4
56.5 103.5 65.3
463.5 179 115.1 75.6 62 49.1
1228.2 295.5 419.5 294.7 201.9 90
2262.9 133.8 155 60.3 59.2 -27.5
13.9 66 48.6
523.9 265.7 114.2 -2 -53.6 -44.6
1560.6 638.8 192.4 -196.2 -133.5 43.5
2332.8 228.9 132.1 -54.4 -105.8 -150.9
13.2 80.2 44.6
525.4 266.7 113.2 -1.8 -52.1 -43.5
1613.8 653.4 106.7 -230.8 -80.4 100.3
2359.7 262.6 124 -74.7 -117.6 -124.2
13.7 76 64.1
524.8 264.9 113.2 -0.2 -50.4 -43.3
1650.3 647.6 61.5 -237.6 -33.1 118.6
2412.9 293.6 93.7 -151.2 -125.3 -66.7
15.1 67.6 55.4
524.9 263.8 113.1 -0.2 -51 -43.9
1683.3 631.6 25.7 -231.9 4.2 122.1
2438.2 277.4 57.2 -190.7 -94.8 -21.6
16.3 96.6 49.8
522.9 261.6 116.8 3.8 -51.3 -46.4
1486.7 499.4 346.9 21.4 -159.3 -140.5
2370.4 202.2 158.4 -78.4 -96.2 -124.5
16.8 87.8 48.5
521.5 260.1 117.2 4 -52.6 -48
1510.5 507.6 319.1 3.3 -145 -115.4
2389.5 233.5 183.8 -62.5 -87.9 -123.3
12.4 130.9 97.3
532.2 264.5 98 -19.5 -60.6 -41.3
1728.7 595.9 4.1 -224.2 25.5 158.6
2572.5 282.6 -78.6 -180.6 130.1 23.3
winner is: 10
