Regression analysis information for: common_voice_sw_38021900-04-012_0004
number of formants: 3
number of coeccicients: 5
1.8 12.2 10036.2
375.1 -18.2 -10.2 4.3 -1.7 2
747.9 -2.8 -60.2 28.6 -31.6 -7.6
1323.2 131.7 -26.5 14.9 -49.2 -56.5
2.2 20 10117.1
376.8 -18.1 -9.5 3.7 -1.7 2.5
789.6 -71 -9.9 -10 -13.4 -19.6
1438.2 174 -42.6 -99.4 -145.3 -54.7
2.6 9.8 10112.7
379.2 -16.6 -8.7 3.6 0.4 4.4
821 -112.7 24.3 -39.4 8.6 -18.7
1683 40.7 139.4 -237.1 -17.4 114
2.8 13.6 10063.3
382.4 -14 -8.7 6.3 3.6 6
836.8 -120.2 14.7 -28.9 10.8 -20.1
1875.1 140.2 38.8 -167.9 165.9 234.5
2.7 16.4 10071
383.7 -13.3 -10.2 7.6 3.2 3.5
841.6 -113.6 -1.8 -11.1 5 -31.1
2020.2 168.4 -31.1 -52.2 195.6 90.7
2.5 18.3 56.9
385 -11.7 -10.4 7.6 2.5 2.1
842.6 -103.5 -9.2 -7.1 3.6 -40.8
2114 250.8 -69.2 -4.2 130.5 -89.2
2.5 18.3 40.3
386.7 -10 -10.1 7.6 1.5 1
851.1 -107 -7.5 -6.6 -0.4 -44.6
2173.8 248 -89.4 14.9 44.2 -121.6
2.4 17.1 27.5
388.4 -9 -10.1 7.4 0.6 1.2
862.5 -118.9 -4.1 -4.4 -10.4 -38.2
2240.9 178 -92.7 68.6 -45.5 -69.8
2.6 15.7 25.6
390.4 -7.9 -10.3 6.8 0 2.4
874.6 -135.6 0.2 -4 -21.2 -27.8
2294.3 124.7 -69.1 78.6 -103.6 6.6
2.7 19.4 22.5
393.1 -5.8 -11.7 4.5 -1.3 3.9
883.1 -146.7 -0.1 -3 -32.9 -16.2
2309.1 138.8 -73.3 68.5 -99.4 22.2
6.2 25.5 19.8
394.5 -7.2 -20.9 -6 -8 0.8
885.4 -158.6 -3.7 -7.5 -37.8 -15.1
2324.7 157.1 -82.1 61.1 -91.3 38
25.8 155.7 38.6
421.3 37.5 10.6 21.3 24.4 34.8
1005.7 73.1 236.1 223.9 180.3 176.5
2362.6 212.6 -48.3 93.4 -45.7 84.1
24.4 159.9 34.2
435.1 53.1 7.6 15.8 28 40.9
1019.5 115.5 306.8 295.6 229.3 182.2
2382.4 235.2 -47.1 95 -29.3 96.8
16.8 310.7 61.2
450.4 71.9 11.9 25.2 40.1 33.8
1174.2 274.3 244.5 187.9 336.2 398.5
2429 277.2 -81 59.2 2.5 143.5
17.4 403.5 80.1
471.3 91.4 5.4 17 33.9 25.6
1410.2 519 246.3 168.9 446.7 366
2474.9 324.1 -66.2 73.2 0.3 88.1
13.8 151.2 110.8
495.9 103.2 -15.3 12.7 31.3 2.7
1935.2 836.4 -142.7 -298.2 241.4 43.1
2596.9 371.3 -119.2 -72.7 -93.2 -33.4
12.2 127.4 146.7
503.7 102.8 -21 15 28.1 -2
2034.3 704.9 -160.3 -262.9 303.5 -95.9
2602.3 238.8 -76.8 -13.7 -1.2 -138
13.5 143.1 130.2
505.4 102.5 -22 15.8 28.6 -4.7
2133.2 568 -177.8 -184.9 292.9 -181.7
2721.2 82 0.4 -62 51 -185.6
11.2 153.9 169
506 93.2 -21.9 26 21.8 -7.6
2231.1 457.6 -215.5 -32.5 159.5 -167.2
2835.1 52.4 -62 -43.6 -8.7 -122
10.6 107.7 182.5
499.5 88.2 -15.4 30.9 18.6 -5.5
2308.3 362.4 -196.5 34 47.2 -72.8
2980.5 18.1 -141.9 -71.8 -24.8 -37.2
winner is: 9
