Regression analysis information for: common_voice_sw_38021900-04-008_0008
number of formants: 3
number of coeccicients: 5
7.2 14.7 51.4
386.3 -23 22.9 -0.4 5.9 -4
1020.7 -62.4 -12.1 -5.3 -22.8 5.5
1597.5 37.8 -197.9 67 -105.9 14.5
7.7 9.6 45.1
388.6 -25.8 30.8 -3.8 9.4 -4.5
1027.9 -73 4.6 -12.7 -10.8 -0.2
1629.4 36.2 -128.2 105.8 -88.3 46.7
9.4 4.8 49.1
394.2 -25.9 41.5 -10.4 17.3 -7.3
1037.1 -69.1 18.9 -18.1 -1.8 -4
1756.2 90.1 31.9 80.7 -38.1 31.9
11.9 4.5 14.7
398.4 -27.6 45.6 -17.9 22.1 -13.1
1042.5 -66.9 21.9 -25.8 0.6 -10.6
1816.7 75 64 -5.1 -29.3 -12.1
11.8 3.7 13.9
401.2 -28.8 45.1 -20.8 22.5 -13.7
1045.5 -68.4 20.1 -29.2 0.7 -11
1840.1 86.4 45.5 -32.5 -41.7 -4.2
10.3 3.5 13.3
401.8 -21.2 39.1 -17 18.4 -9.7
1049.3 -60.9 17.2 -27.7 -1.5 -9.3
1859.5 100 26.8 -51.3 -34.3 10.3
10.4 3.6 11.1
406.2 -19.1 37.8 -17.2 18 -10.1
1055.2 -57.6 14.8 -27.9 -2 -10.2
1878.6 110.1 5 -56.8 -18.5 21.4
11.4 3.9 11
410.6 -21.3 39.2 -19.5 17.9 -14.3
1060.3 -59.6 12.4 -30 -2.2 -13.5
1890.6 109.3 -11.4 -58.8 -8.6 18.6
12.6 4.3 11.2
410.2 -20.4 45.4 -14.2 14.1 -18.9
1063.7 -58.2 13.9 -27.3 -1.9 -15.9
1905.1 109.9 -12.5 -58.1 5.5 12.9
65.3 88.7 50.4
427.5 -9.8 27.6 -37.3 27.6 17
1104.8 -39.5 -49.8 -79.5 38.9 57.1
1939.3 125.8 -48.9 -83.9 38.4 51.3
103.2 113.3 59.4
522.4 19.6 -122.9 -110 152 107.8
1151.3 -46.4 -139.8 -79.2 124.6 43.8
1956.3 125.3 -57.1 -68 58.8 22.7
124.8 133 67.9
493.6 25.7 -39.8 -107.8 99.4 128.7
1150.5 -51 -166.6 -162.6 93.6 124.2
1974.9 140.2 -55 -101.2 58.1 62
119.7 165.1 90
567.4 86.4 -74.2 -66.5 223.6 178
1375.9 262.1 -33.4 11.1 347.2 273.3
2051.6 229.7 -24.8 -62.7 128.7 89.8
71.6 102.5 116.5
730.2 244.5 -119.8 -180.1 88.5 -20.9
1625.6 511.5 -130.7 -185.3 104.3 -29
2183.8 348 -65.4 -163 -6 -88.8
52.3 69.6 99.9
761.1 213.8 -157.4 -129 110.6 -87.3
1671.1 478.5 -209.7 -133 115.5 -92.5
2217.6 326.6 -95.9 -174.8 -32.3 -85.9
80.7 74.7 145
801.6 164.8 -169.4 -70.4 92.5 -135.7
1722.2 415.7 -225.9 -61.2 77.2 -122.9
2238.3 249.6 -90.8 -122.7 -59.8 -64.4
129.1 111.4 146.2
864.7 51.5 -137.3 -45.2 30.4 -113.1
1787.8 330.4 -184.8 -6.5 5.5 -68
2300.6 175.5 -93.9 -75.3 -136.4 15.3
22.4 62.8 83.8
965.2 -105.1 -42 -80 -33.1 0.2
1895.1 186 -51 -25.3 -35.5 32.6
2467 69.8 -51.1 -154.5 -190.1 156.1
26 65.6 81.9
956.2 -106.6 -56.6 -80.5 -30.8 -15.5
1904.9 167.8 -55.5 -36.1 -27.8 10.2
2483.1 80.9 -85.3 -167 -167.6 141.9
28.8 83.2 84.6
949.5 -117.3 -67.7 -81.5 -34.8 -24
1896.1 131.1 -85.2 -62.4 -50.6 -20.9
2479.9 63.9 -92.1 -137.4 -145.7 125.9
winner is: 7
