Regression analysis information for: common_voice_sw_38021900-04-004_0004
number of formants: 3
number of coeccicients: 5
7.8 16.3 10022
320.5 12.9 -1.8 6.9 -0.5 2.5
628.7 45.2 12.8 -21.8 19.2 -19.8
1037.5 230.4 71.2 21.6 8.8 -22.2
11.8 21.1 10016.8
330.5 2 -1.3 5.6 0.7 4.2
634.2 45.6 7.3 -28.9 23 -26.1
1058.7 225.2 57.5 0 22.1 -20.6
26.4 25.2 10024.7
342.7 -13.6 1.4 8.8 -2.4 9.9
655.6 12.3 34.2 -46.7 33.4 -17
1066.5 232.4 45.8 2.8 19.2 -11.1
30.5 29.3 10013.8
363.4 -40.8 4.3 21.4 -20.3 30.1
673.1 -10.8 45.6 -46.7 22.7 11.1
1099.7 183.6 78.7 -35.9 52 -18.8
25.9 29 10017.6
372 -49.3 2.1 28.5 -28.5 34.3
682.4 -15.5 49.6 -45.4 15.4 23.5
1111.7 184.2 81.8 -41.9 47.4 -11.6
28.1 29.2 10016.4
367 -40.9 6.5 18.8 -23.5 36.6
681.5 2.2 51.8 -48.3 28.4 13.9
1114.4 204.8 82.9 -43.1 47.9 -18.1
21.7 13.4 10014
365.4 -30.5 -3.1 22.1 -13.3 20.8
662.3 61.1 29.3 -29.4 41 -8.8
1114.4 227.1 77.6 -33.4 44.7 -24.7
19.8 19.8 10024.9
371.2 -20.5 -30.5 45.7 -7.1 1.3
677.4 96.1 72.9 -15.6 56.7 15.8
1113.2 224.7 76.8 -55.5 19.7 -39
30.1 35.5 10050.1
379.2 -19.9 -38.4 49 2.1 -3.4
709.5 175.8 143.3 30 103.6 47.4
1200.9 408.6 252.8 80.9 140.6 67.8
27.6 69.2 10110.6
390.9 -35.1 -31.1 60.9 -26.2 13.5
745.2 154.6 142.7 73.8 50 60.5
1267.9 373.3 253.3 158.7 47.5 91.8
32.5 89.4 10334.7
407.8 -52.8 -35.9 62.3 -21.4 8.8
785.2 106 66.4 139.9 37.3 12.7
1523.9 66.1 -124.6 526.4 3.3 -197.4
28 61.7 10352.5
423.1 -61.1 -50.5 75 -26.2 3.6
832.4 76 68.5 156.6 23.6 24.3
1689.4 -164.4 -157.9 548.9 -78.7 -159.2
22.6 56 10341.7
442.2 -82.7 -34.4 49.3 -9.4 -1.7
861.9 56.6 114.4 129.8 28.1 6.4
1842.1 -266.3 70.5 513.1 -41.6 -252.8
25.6 70.2 361.6
445.4 -70 -43.9 21.4 17.5 -8
873.6 70.1 148.8 75.8 68.2 -56.7
2102.7 -368.1 185.5 639.8 6.6 -446.9
29.2 76.7 410.6
449.4 -72.6 -37 11 18.2 -14
858.3 64.8 132.9 109.8 144.6 -77.2
2285 -210.3 -86.5 706.5 497.3 -474.1
27.8 39.9 236.2
462 -60.8 -54.7 -12.1 24 0.4
946.1 104.2 62.8 11.3 94.8 27.3
2910.5 -14.7 -625.7 94.6 84 59.2
8.6 33.1 103.3
474.1 -73.3 -55 -3 2.9 17.5
958.2 98 64.6 18.5 77.6 41.6
3003.1 -52 -586.7 150.4 -93.2 73.7
7.9 33.2 108.2
474.7 -70.4 -58.9 -1.7 0.7 18.5
961.8 102.8 62.4 18.9 76.8 41.6
3008.7 -18 -524.8 144 -160.4 27.7
5.8 31.3 94.1
466.8 -58 -72.3 9.8 -4 22
959 107.3 54.2 21.5 75.9 39.2
3013.4 -28.4 -509.3 118.4 -180.3 69.7
7.6 30.2 97.3
460.1 -48.7 -83.7 21.5 -9.6 29.4
949.9 101.7 39.3 24.8 75.8 43.1
2997.5 -54.9 -528 81.2 -191 100.7
winner is: 19
