Regression analysis information for: common_voice_sw_38021900-04-006_0004
number of formants: 3
number of coeccicients: 5
12 1.7 10040.3
489.9 -5.7 -20.6 29.4 -10.2 -13.1
760.4 -18.8 7.8 -10 0.4 0.8
1451.5 163.9 238 111.9 113.8 7.4
12.1 1.8 10032.7
500.8 -8.9 -24.2 25.7 -14.1 -8.7
760.4 -19.2 8.7 -11.1 -0.8 0.3
1519.1 232.4 263.3 60.7 28.3 -61.7
20.6 1.7 10022.2
510.6 -20.8 -27.5 27.5 -29.5 -10.4
757.7 -19.8 8.5 -14.7 -2 -1.1
1544.6 256.1 269.6 44.7 1 -68.3
36 65.3 10106.4
539 -23.4 -62 16.7 -7.2 6.5
790.2 -14.3 -57.6 -29.1 61.4 21.4
1629.8 289.6 184.2 -26.7 37.5 -51.3
35 63.3 10064.8
571.1 2.4 -112.1 -48 33.9 54.3
847.4 -6.6 -162 -43 128.6 27.7
1755.9 339.2 -6.3 -141.7 137.4 28.6
16.2 52.2 10038.7
631.3 -66.4 -140.7 28.6 -17.5 50.9
975.8 -147.8 -233.3 137.2 -0.1 28.6
1936.7 118.8 -95.5 115.6 -60 37.2
16.5 52.8 10035.4
632.2 -67.7 -138.5 30.7 -16.8 51.8
974 -147 -233.6 136.6 4.6 30
1947.3 114.7 -80.6 114.1 -58.6 44.1
18.4 55.8 10036.3
634.3 -65.2 -139 32.5 -24.2 55.3
985.3 -165.5 -223.8 146.1 -2.2 44
1961.4 97.5 -66.7 110.2 -65.8 58.6
32.4 64.5 32.2
665 -119.5 -88.1 -3.1 -3.5 46.8
1077.6 -356.6 -54.2 31.8 79.8 -9.2
2041.3 -39.9 61.7 15 -0.4 25.6
9.7 24.9 6.9
677.2 -138.5 -64.7 -24.6 16.4 24.1
1076.1 -386 -13.5 22.6 89.2 -48.1
2058.5 -53.2 88.1 -1 19.7 0.9
10.2 15.3 3.1
680.5 -131.6 -60.1 -26.6 12.8 20.7
1047.7 -383.2 28.5 30 51.9 -45
2058 -44.8 91.1 6.7 13.3 3.8
12.6 19.4 3.3
682.1 -127.4 -56 -23.9 12.8 20.8
1041.7 -392.5 46.1 15.8 52.3 -33.6
2066.7 -40.1 102.9 7.8 12 4.5
17.7 25.1 3.5
681.7 -125.4 -49.3 -16 19.9 23.3
1035.6 -397.1 54.4 -2.4 62 -28.1
2072.9 -36.5 113.8 5.9 14.9 4.6
33.6 34.6 5.4
667.2 -141.4 -39.2 14.3 58 42.7
1021.2 -381.7 47.3 -39.6 101.2 -44.9
2072.3 -28.2 117.3 0.3 24.5 1.4
48.1 202.8 103.1
682.4 -118.9 -43 -13.7 17.6 17
1144.9 -169.5 -29.5 -286.6 -122.1 -209.1
2155.6 91.3 90.4 -134.8 -116.6 -72
28.8 176.1 92.9
706.6 -90 -55.6 -48.8 -10.8 12.5
1243 18.7 -149.2 -403.6 -258.9 -229.9
2219 197.5 43.1 -205.4 -186.1 -52.6
32.2 169 92.2
696.5 -113.3 -83 -72.8 -36.9 -9.3
1359.3 208.5 -202.3 -358.8 -243.4 -111.5
2277.3 286.5 21 -199.9 -161.7 22.8
7.3 81.9 62.7
725.9 -61.1 -40.4 -38.1 -22 -8.4
1594.7 558.3 88.7 -89 -35.2 6.3
2331.6 367.9 70.3 -156.8 -127.2 47.8
7.2 73.4 55.7
729.8 -58.5 -36.6 -34.3 -21.5 -9.5
1628.7 470.6 26.5 -70.8 -41.6 -23.7
2329.9 351.4 69.2 -159 -104.7 57.3
15.1 92.9 158.8
724.8 -54.4 -47.9 -32 -20.4 -15.1
1795 338.9 -85 -28.1 57.2 -11.8
2446.8 272.8 -5.8 -146.3 -47.3 167.4
winner is: 11
