Regression analysis information for: common_voice_sw_38021900-04-002_0016
number of formants: 3
number of coeccicients: 5
17.1 17.8 10015
350.9 104.9 6.8 14.2 25.2 -1.3
627.6 -12.7 42.9 -14.8 30.8 -10.3
847.7 31.3 24.9 3.9 8.3 -3.1
15.9 19.4 10008.2
351.5 112.3 3.6 22.6 23 2.4
627.7 0.5 39.4 -2.6 26.3 -2.3
842.3 37.5 12.6 10.6 -3.4 1.5
13.5 16.9 10008.4
351.2 116 4.6 20.8 21.1 5.1
626.2 10.3 35.5 1.3 19.2 1.6
842.4 33 13.3 5.8 -3.5 -1.7
15.7 21.1 10047.3
359.3 120.4 5.5 28.2 23.1 6.8
633.9 18.2 41.1 7.8 18.7 2.6
864.5 73.3 55.5 45 36.2 34.1
17 23.2 10067.7
366.1 136.8 21.4 34.9 32.2 18.6
644 34.2 58.1 16.1 28.2 7.5
885.3 112.5 95.5 84.5 73.1 69.5
36.5 61.7 10109.1
429.7 83.7 -34.7 89.3 9.4 32.6
697.2 2.9 16.3 44 17.7 26.3
969.8 -2.3 81.4 201.9 -62.6 142.2
32.8 30.9 10111.8
466.1 52.3 -16.2 78 7.5 51.5
753.6 1.7 3 63.2 49.9 16.1
1060.3 -37.4 120 205.9 9.8 199.6
33.6 32.5 10082.2
471.1 33.2 16.8 41.8 8.5 52.3
721.6 -3.7 98.8 38.6 14.3 9.3
1102 -191.7 324.1 91.7 41.5 143.5
34.7 30.9 10151.6
457 41.2 43 18.1 14.7 48.7
721.4 6.2 104.1 27.2 5.3 1.1
1151.9 -37.9 396.7 47.5 -0.1 37.9
39.8 36.4 10143
443.5 65.5 41.6 5.6 33.2 28.7
709.3 2.3 92.9 28 32.3 -1
1129.8 17.2 415.5 51.5 80.4 15.2
56.9 47.8 10170.2
440.8 50.9 30 32.7 34.9 25.7
685.4 0.1 136.7 35.7 -2.9 -25.7
1158.1 27.5 423 15.5 79.7 57.6
63.9 55.7 10311.5
456.2 37.5 -6.5 42.9 29.5 68.8
765.6 5.9 3.2 -11.2 34.6 28.3
1653.6 10.3 -380.9 -166 231.1 115.7
40.4 12.1 10114.9
486.2 48.9 -24.6 51.1 6.4 48.3
801.8 31.8 -6.9 -16 1.9 -8.2
1817.6 133.9 -378.2 -89 43.8 -51.4
37.1 9.6 10101.5
490 39.6 -26.1 54.3 -0.3 47.4
803.7 28.7 -8.6 -12.8 -2.9 -8.2
1839.1 95.1 -427.5 -75.4 4.7 -5.7
38 11.7 10076.4
487.5 48.2 -20.7 59.9 5.3 46.9
804.7 34.7 -3.1 -10.2 3.9 -6.6
1918.4 170.5 -403 -84.5 9.8 -41
39 12.1 10129.4
475.1 57.7 -16 53.6 18.2 30.1
803.1 42 2.5 -8.4 10.6 -9
1956.3 245.4 -429.8 -163.5 77.3 -97.9
30.9 16.3 10223.9
457.8 78.8 -18.3 55.4 25.9 15.8
803.7 52.5 13.4 0 19.4 -2.7
1871.5 268.3 -369.3 -47.3 97.3 -347.7
25 25.7 10361.5
442.9 94.5 -13.2 48 27.5 17.6
805 69.3 30.4 9.1 31.8 12.4
1742.6 407.9 -249.8 -195.1 60.1 -256.1
23 42.3 10304.6
443.4 91.9 -11.8 50.5 21 21.9
812.9 84.8 47.6 25.6 45.9 29.2
1680 461.3 -128.3 -313.1 -57.8 -140.4
26.8 53.6 10469
454.5 81.9 -10.3 67.3 4.6 33.8
819.7 100.8 61 39.3 61.1 38.1
1829.4 235.4 -239.4 8.3 -127 -144.3
winner is: 3
