Regression analysis information for: common_voice_sw_38021900-04-004_0008
number of formants: 3
number of coeccicients: 5
8.9 7.4 10009.1
464 -1.7 -7.5 -8.8 -14.3 -8.3
700.1 -63.9 -10.9 -7.1 -20.2 -12.6
1938.9 -65.9 -39 2.8 -2.1 -5.5
12.2 10.2 10026.7
452.2 -20.8 -21 -22.3 -27 -17.6
652.2 -107.5 -5.3 7.1 -11.5 4.5
1905.1 -156.3 44 120.2 3.7 -46.5
10.7 13.9 33.6
450.7 -21.4 -22.4 -22.9 -26.3 -16.5
642.9 -82.9 -19.9 13 -17.1 9.3
2039.6 -62.6 -44.4 -0.1 -3.7 -38.1
11.4 12.3 8.8
452.1 -16.8 -22.2 -21.8 -25.2 -16.1
634.7 -59 -39.6 13.2 -17.2 11
2062.1 -60.7 -62.3 -35.5 -0.1 8
12.9 10.1 7.6
452.8 -7 -20.5 -19.8 -24 -15.2
618.6 -31.7 -52.2 0.7 -13.7 8.4
2077.6 -72 -53.5 -32.3 -9.1 7.8
12.3 9.5 6
454.1 -1.4 -18 -18.9 -21.4 -13.8
617 -26.4 -56.3 -9.9 -15 6.3
2083.5 -67.7 -45.8 -24.4 -13 1.9
12.2 9.8 6
455.3 -0.3 -16.7 -20 -20 -14.2
618 -24.9 -60.2 -15.1 -18.6 5.1
2087 -59.2 -38.9 -25.9 -10.7 -2.2
13.2 10.4 5.8
457.1 -4.8 -17.7 -23.1 -20.9 -16.9
620.6 -25.9 -65.5 -17.1 -21.1 5.5
2100.1 -68.1 -25.5 -29 -7.4 -7
15.4 12 8.1
457.3 -15.1 -24.4 -29.3 -25.9 -22.1
623.8 -25.5 -71.9 -17.6 -23.8 7.3
2119.4 -85.6 -11.8 -30.2 -5.1 -12.7
21 16.1 10.1
453 -34.6 -40.7 -41.6 -38 -31.9
624.5 -21.9 -81.2 -14 -27.9 12.3
2138.1 -102.1 -2.9 -25.4 -6.4 -12.7
30.5 14.8 9.1
451.7 -18.7 -51.2 -20.3 -47 -11.4
624.7 -17.7 -87.3 -12.3 -29.8 14.3
2151.6 -116.9 -1.7 -19.6 -14.2 -8.9
26.2 153.4 23.4
441.1 -69.7 -75.3 -60.4 -59 -39.8
678.3 -139.8 28.5 -139 93.5 -114.6
2172 -138.3 17 -27.9 -3.5 -19
30.6 203.5 29.1
445.2 -45.7 -71.8 -42.7 -51.8 -36.1
714.2 -253.7 153.4 -254 208.4 -222.1
2190.3 -172.3 35.8 -48.3 10.5 -34.4
21.9 212.3 44.2
469.3 -8.5 1.7 19.1 36.9 13.8
1126.7 -194.1 893.8 -5 452.2 140.3
2247.9 -201.2 109.9 -30.3 11.8 31.8
11.6 215.1 44.3
485 17.1 6.8 -3.3 11.3 -4.8
1617.4 181.1 761.7 -532.7 -171.1 158.9
2306.2 -190.2 98.7 -85.2 -37.9 59.1
34.8 196.8 56.7
469.9 31.1 26.3 -27.9 19 8.3
1746.2 109.4 685.4 -512.4 -248.7 389.4
2330.5 -272.4 92.1 -61.5 -18.8 104.6
1.3 4.8 24.4
493.9 8.9 5.2 6.3 0.3 1.3
2174.7 -161.9 -15.9 -11 -26.4 11.3
2380 -264.7 -116.9 111.1 59.4 -98.1
1.4 6.2 19.2
495 8.4 4.8 6.9 0.7 1
2173.8 -169 -21.4 -15.6 -34.9 6.7
2303.6 -188.8 -51.4 37.2 46.3 -52.3
1.5 7.2 18.8
495 8.2 4.3 7.6 0.8 1.1
2176.5 -155.6 -13.2 -13.6 -37.1 1.7
2332.3 -212.7 -40.5 10.2 44.1 -37.8
1.5 8.8 23.1
493 7.8 4.6 8.6 0.2 1.3
2184.6 -136.5 -1.9 -7.3 -29.2 0.8
2422.1 -261.4 -79 -23.7 55.5 -42.2
winner is: 18
