Regression analysis information for: common_voice_sw_38021900-04-002_0011
number of formants: 3
number of coeccicients: 5
12.7 13.9 10018.2
282.8 41.3 -22.3 6.5 -12.6 -3.5
672.9 109.3 91 62.4 49.9 26.4
1218.8 158.6 -70 3.7 -21.9 4.8
14.2 17.2 10020.3
287.3 44 -25.7 -2.8 -10.5 3.9
683.9 118.9 109.5 68.4 61.5 29.4
1241.5 132.5 -49.5 -18.9 -7.3 -3.7
7.9 23.8 10016.8
281.2 44.5 -14.2 -4.4 -5 6.5
680.8 112.8 111.8 68.8 70.7 37.8
1255.1 111.6 -24.6 -39.5 -1.4 -0.1
4.6 8.5 10013.1
271.6 27.6 -23 -11.8 -10.7 2.7
638 19.5 36.3 -2.4 19.6 -0.2
1259.1 71.3 -14.9 -63.4 -4.6 6
4.4 9.1 10013.7
271.2 23.7 -18.9 -9.4 -7.1 3.3
638.9 20.8 38.2 -0.9 22.2 2.1
1253.2 69.3 -7.5 -59.6 5.1 1.3
4.1 9.8 10016.8
270.1 23.9 -22.3 -11.2 -8.8 1.3
644.2 27.4 46 2.5 26.3 3.8
1256.4 73 -8.6 -57.9 5.8 -0.8
4.5 11.6 10015.9
271.3 27 -20.6 -9.6 -10 2
646.3 34.9 51.1 8.8 27.8 8.4
1262.2 75.1 -17 -53.4 6.8 -0.7
7.1 15.1 10014.9
272.8 32.8 -9 -8.7 -16.9 1.3
641.1 31.7 48.6 9.3 25.4 10.8
1271.8 78.1 -27.1 -54.2 4.4 -7.7
18.4 31.1 10017.4
263.7 41 21.4 -12.3 -45.8 -2
634.6 18.9 51.9 13.5 36.3 26.5
1280.1 71 -40.1 -60 -4.3 -4.2
73.7 194.7 10208.8
302 59.4 -19.9 7.2 15.1 -33.8
781.7 169.1 22.1 74.2 118.6 -103.7
1465.7 178.9 -188.1 27.5 215.3 -76.7
41.3 60.9 147.7
394.6 115.3 -143.9 -88.8 25.3 -1.1
1021.9 368.3 -159.2 -116.8 129.2 26.3
1659.4 255.2 -441.9 -34.9 365.3 27.7
32.3 53.8 115.5
417.4 107.5 -162.9 -48 26.2 -40.2
1028.3 316.7 -182.1 -13.4 136.3 -44.6
1705.6 209.2 -494.4 75.2 324.3 -119.2
33.5 56.7 81.4
425.9 86.7 -183.5 -29.1 11.8 -51.6
1082.9 310.6 -226 -7.7 96.6 -53.6
1769.2 179.2 -555.7 100.7 282.9 -77.1
28.1 47.3 80.4
452.2 59.3 -180.9 8.5 -31.5 -34.2
1087.3 288.7 -192.4 15.3 34.2 -31.1
1823.1 111.4 -555.7 174.6 188.9 -40.9
29.4 51.7 92.8
447.7 56.5 -183.3 2.6 -31.3 -36.6
1080 308.9 -164 -13.2 3.8 -40.9
1785.8 112.3 -490.1 151.1 146.6 -27
34.1 69.4 115.1
441.4 40.4 -192.5 0.5 -33.4 -29.8
1082.3 292.5 -163.2 -22.7 0.2 -21.6
1791.8 79.6 -486.2 150.3 94.5 18.7
38.5 120.2 138.3
446.9 32.1 -191 9.9 -40.6 -16.7
1065.9 233.2 -184.9 19.2 36.7 65.5
1849.4 44.1 -512.4 140 36.6 97.4
30.2 140.4 193.4
454.5 -5.5 -184.4 22.5 -51.1 22.6
1089.4 174.3 -178.9 30 39.2 130.6
1981.2 1.7 -544.3 65.9 -124.6 229.4
44.9 133.9 208.6
460.5 -51.1 -154.4 44.1 -34.8 53.8
1070 53.4 -162.9 91.7 109.2 213.4
2039.7 -189.5 -464.3 83.9 -41.6 340.7
54.1 139.3 218.2
450.2 -64.7 -150.7 58.7 -23.9 46.8
1074.5 23.2 -158.6 117.2 141.3 183.4
2052.5 -211.8 -511.8 131.1 20.1 325.8
winner is: 14
