Regression analysis information for: common_voice_sw_38021900-04-008_0004
number of formants: 3
number of coeccicients: 5
6.6 31.6 10048.8
301.7 -23.6 28.9 -24.4 8.8 -8.7
611.8 112.2 81.1 68.4 61.8 50.4
941.3 32.6 141 -27.2 100.9 -32.1
17.9 23.8 10063.6
310.5 -37.4 39.3 -29.5 7.5 -2.1
622 125.3 86.6 64 52.9 41.5
955.9 27.2 159.3 -40.2 104.1 -38.8
28.8 19.4 10050.4
320.2 -50.8 50.2 -30.6 3 10
627.4 127 84.6 53.8 38.3 33.5
992.9 -66.4 196.7 -83.8 71.1 -12.6
29.4 15.8 10067.8
326.3 -61.3 53.2 -30.2 -6.1 17.9
643.7 153.8 95.4 53.2 25.3 23.5
1018.6 -72.9 213.1 -86.7 38.9 0.4
27.7 18.4 10070.2
336.6 -77.7 68.7 -40.7 1.8 14.8
647.9 145.4 93.5 47.3 17.3 31.3
1027 -73.2 215.2 -98.3 18.3 -20.8
28.6 29.4 10076.7
343.7 -89.6 71.3 -39.5 -6.3 20.6
665.2 156 106.6 46.8 15.1 29.5
1055.5 -93 232 -77.1 -11.5 25.7
26.8 33.2 10071.5
336 -71.9 55 -26.6 -15.6 26.8
657.7 156.2 86.3 39.7 8 37.7
1062.5 -53.1 245.5 -77.4 -1 2.1
22.3 23.4 10058.4
333.4 -65.5 55 -30.5 -5.1 18.5
660.1 174.7 95.7 45.6 22 30.5
1069 2.2 277.3 -54.5 43.4 -11.1
24.2 30.1 10060.4
336.6 -69.2 49.8 -24.8 -14.3 25.6
669.4 180.7 95.1 44 17 37.4
1089.4 -5.6 292.7 -35.7 24 15.6
14.5 26.6 10048.1
331.9 -57.3 45.5 -30.1 -0.4 13
665.2 186.3 86.4 32.2 25 33.5
1072.2 23.1 287.1 -43.9 55 -15
26.1 26.8 10050.9
334 -56.1 34.9 -19.8 -13.8 27
671.5 197.3 87.8 27.5 22.1 33.1
1077.3 32.1 290.3 -51.3 47.2 -24.9
14.9 47.4 10053.1
338.9 -59.4 41.4 -38.6 11.8 6.4
679 173.8 107.2 -1.6 37.3 8.2
1078.5 39 287.9 -60.5 39.1 -34.3
30.7 74.1 10093.5
347.9 -68.3 33.2 -23.6 -9.5 27.7
701.5 149.7 145.2 -9.9 34.8 -13
1131.6 11.2 292.5 -36.7 -56.6 -3.2
33.4 95 10224.4
361.6 -78.4 25.3 -10.8 -16.2 30.9
718.3 135.3 134.3 -6.1 -7 20.1
1313 -10.7 179.1 -91.1 -248.1 162.4
38.3 63.7 10250.5
368.1 -76 7 5.5 -26.3 43
710 179.3 89.3 33.1 -63.7 69.9
1471.5 38.8 1.5 -171.7 -322.9 176
49.9 112.8 10152.8
360.1 -68 6.8 -12.6 0 5.9
728.2 154.5 128.9 -21.5 -10.6 19.9
1347.9 131.2 91.3 -274.1 -217.3 121.1
30.1 75.1 10218.8
358.4 -63.4 -5.6 34.4 -64.5 54.5
726.4 174 60.1 38.6 -57 69.1
1470.3 19.3 -11.2 -115.7 -313.2 69.9
34.7 105.9 10327.1
387.4 -114.5 32.5 -13.6 -13.3 19.1
849.9 -37.7 255.3 -136.6 83.5 -8.1
1774.9 -395.9 217 -445.7 18.4 17.2
38.8 99.2 10382.4
382.6 -109.7 42.6 -25.5 -7.2 32.3
830.9 -49.5 273.3 -144.3 75.7 8.1
1808.6 -450.3 243.7 -444.6 -84 148.2
37.5 67.1 386.9
380.7 -121.9 64.6 -26 -35.3 46.7
880.9 -94.5 288.6 -131 52.9 55.6
1831.5 -435.4 140.5 -359.7 -50.6 75.8
winner is: 20
