Regression analysis information for: common_voice_sw_38021900-04-010_0002
number of formants: 3
number of coeccicients: 5
5.6 10.3 10027.7
493.3 -7.3 16.7 14.7 3.7 4.5
785.9 -79.9 35.4 -72.9 5.2 -34
1797.2 -120.2 -96.3 -107.2 -29.8 -57.2
4.3 11.8 10021.1
495.4 -3.4 17.4 13.4 3.4 2.6
786.8 -67.3 42.8 -79.1 18.4 -42.1
1808.6 -134.2 -87.6 -100.4 -31 -49.2
2.7 30.2 10023.4
491.8 -1.2 19.4 12 7.2 3.9
766.8 -35.7 30.9 -79.1 32.2 -56.9
1787.8 -103.1 -79.1 -131.5 1.2 -70.4
2 29.8 10025.3
496.1 -1.7 16 14.8 7.7 5.1
775.8 -32.2 32.2 -65.7 30.6 -47.5
1820.5 -133.8 -79.2 -112.4 -8.1 -58.5
2.5 10.1 10035.2
499.9 -2.9 10.4 16.7 7.9 6.4
763.7 16.8 -5.6 -10.6 -4.3 -2.9
1834.8 -122.7 -106.4 -69.6 -29.2 -41.5
2.3 10.6 10030.4
511 -3.2 2.9 16.6 7.7 7.5
801 -22.3 35.8 -14.7 8.5 1.9
1932.1 -251 -51.3 -76.2 -38.2 -16.5
3.9 24.5 33.4
526.9 2 -10.4 8.6 6.7 10.4
885.8 -161.3 132.4 -37.5 17.4 5
2021.9 -345.9 -66.9 -12 -93.3 -1.9
7.6 35.2 32.3
544.2 16.3 -22.3 -9.6 -2.7 11.8
949.2 -238.8 205.1 9.6 19.3 44.6
2032 -346.4 -96.3 -4.3 -90.4 -15.6
6.6 45.9 30.1
562.9 35 -27.9 -24.3 -18.3 -3.3
1001 -301.8 249.1 105.4 36.4 73.2
2058.2 -348.6 -131.3 4.6 -69.9 -37.3
20.2 307.9 116.6
556.1 28.3 -24 -8.1 -2.3 -3.1
1102.8 -176.5 -28.2 -132 27.4 -38.6
2144 -282.8 -207.1 -124.8 -109.5 22
11.7 164.3 96.3
564.8 36.8 -35.4 -23.8 -7.4 5.2
1418 -9 -464.3 -369.3 272.8 53.1
2256.8 -196.9 -345.5 -251.5 -104.2 35.5
10.2 140.8 77
570.2 42 -36.4 -26.8 -13.9 0
1463.5 92.1 -544.8 -248.9 121 -10.9
2233.2 -184.2 -242.2 -192.5 -183.6 -85.6
6.5 113.9 95.7
576.6 49.6 -33 -26.8 -20.9 -8.5
1619.2 135.2 -510.7 -82.2 -16.6 -140.9
2304.5 -98.2 -245.1 -232.1 -242.5 -154
6.6 92.4 84.7
577.5 48.6 -33.9 -25.7 -21.9 -7.6
1792.3 30.9 -429.4 127.6 -180.4 -11
2344.3 -49.9 -231.7 -204.4 -205 -112.7
6.9 91 118.4
575.7 49.8 -29.9 -25.2 -23.5 -8.3
1814.1 92.9 -481.1 161.6 -84.9 -115.6
2467.1 -4.8 -277.7 -147.6 -200 -57.4
6.7 160.4 165
575.4 49.4 -26.4 -25.9 -24.5 -7.5
1865.4 -26.8 -342.1 50.5 -79.9 -5.8
2555.6 -7.8 -206.5 -101.5 -196.2 10.3
7.2 105.9 204.5
574.7 48.4 -24.5 -24.6 -25.1 -8.6
1871.4 -47.6 -369.5 100.4 -183 46.4
2521.5 -38.4 -286.4 -177.8 -313.3 -66.2
7.8 95.2 159.3
571.2 44.3 -19.5 -18.9 -22.8 -9.7
1895.9 -238.2 -76.3 132.5 -257 11.7
2483.4 -78.3 59.8 83.6 -350.2 -151.3
7.6 54.6 141.3
571.2 42.4 -18.8 -18 -21.7 -9.8
2048.6 -346.4 -97.5 -15.1 -103.3 -16.6
2506.1 -100.5 105.9 114.6 -266 -192.1
6.7 70 157.1
568.6 39.1 -19.7 -18.4 -20.5 -8.5
2030.1 -377.2 -137.6 -50.9 -106.7 30.1
2439.4 -264.5 -24.7 32.7 -299.5 -133.9
winner is: 7
