Regression analysis information for: common_voice_sw_38021900-04-010_0001
number of formants: 3
number of coeccicients: 5
14 1.6 10019.8
319.4 -45.6 39.7 -26 17.8 -17.8
567.1 0.3 -9.1 0.9 -4.1 3.1
1045.8 -62.4 133.4 -61.1 -28.6 -29.6
16 5.6 10020.4
324.9 -52.9 47.3 -30.3 22.2 -18.9
568.9 0.2 -6.9 -0.9 -0.1 1.4
1059.2 -70 144 -66.1 -24.8 -22.6
20.1 5.2 10019.4
324.1 -49.1 43.3 -27.3 21.9 -21.5
569.6 3.7 -8 -0.5 -0.2 0.4
1070.9 -66.7 150 -61.9 -29 -20.6
38.2 104.6 10028
338.2 -67.5 52.5 -20.8 5.6 8.1
637.4 -107.8 73.5 -26.5 -25.8 78.2
1110.2 -102.3 183.4 -62.4 -46.2 15.4
17.5 79 10021.2
374.6 -118 74.9 -15.1 -7 22.6
688.9 -184.9 119.8 -32.4 -45.6 99.1
1142 -94.7 194.7 -40.6 -56.5 30.4
11.8 43.1 10077.9
412 -147 31.3 40 -17.7 -10.9
734.7 -232.9 116.4 -10.8 -39.2 40.8
1219.4 -104.1 155.6 59 -62.4 -27.7
9.5 43.4 10086.6
422.1 -144 17.8 43 -2.8 -12.5
765 -254.4 118.2 -4.9 -29.1 30.5
1268.6 -60.7 158.8 103.4 -34.3 -41.3
7 24.7 10074.5
427.9 -139.3 14 41.6 2.5 -8.9
807.8 -286.6 133 -29.3 11.5 8.4
1329.6 -3.9 141.4 125.7 -12.8 -71.3
6.3 25.2 10077.9
428.3 -140.4 11.8 40.1 0.6 -10.1
830.7 -323 152.9 -39.1 5.8 12.8
1334.6 10.5 117.5 117.8 -18.3 -96.8
5.9 62.9 10073.6
432.7 -137.7 9.3 41.9 1.8 -9
801.6 -241.5 61.5 53.9 -89.2 89.4
1354.4 66.4 96.2 76.2 -1.2 -125.4
21 21.3 10088.7
411.7 -115.6 11.7 15.6 25.2 -26.9
636.4 -6.9 16.3 -44.5 48.7 -42.4
1297.4 83.6 163.3 24.1 -50.2 -105.3
17.1 16.3 10059.3
415.1 -116.6 19.1 12.5 20.2 -7.9
648.9 -22.9 26.1 -66.3 59 -35.1
1263.8 109.2 259.6 -45.7 -125.8 -20.4
12.1 18.9 10055.8
412.1 -112.4 28.8 5.8 15.4 1.1
653.4 -24.9 33.5 -76.6 61.4 -47
1296.2 135.6 233.6 -44.7 -121.3 -41.4
14.3 71.8 10204.5
413.5 -104.2 22.4 2.4 26.9 -3.9
756.6 -191.1 155.1 -157.4 88.6 -12.5
1446.4 -86.3 435.8 -133 -160.4 36.7
32.2 70.7 10156.3
412.7 -92.1 22.4 -7.3 44.7 -5
790.8 -257.3 204.6 -166 51.4 19.1
1547.7 -207.5 534.7 -177 -178.7 66.7
12.4 64.9 10258.8
441.4 -123.8 8.3 26.5 9.8 7.6
851.5 -306.5 181.7 -92.3 -24.3 64.5
1875.8 -275.4 239.8 -240.2 -97.1 377.7
8.7 43.7 283.8
446.9 -126.9 4.1 35.9 8.7 4
873.7 -335.3 150.1 -40.8 -47.5 18.6
1965.3 -382.4 168.3 -109.8 -130.3 247.2
11.2 30 55.3
453.7 -118.4 6.7 40.2 15.8 9.1
892.7 -333.4 117.5 -39.2 -26.1 0.6
2160.6 -393.8 -56.2 -21.4 129.5 44.3
10.1 26.3 53.5
454.1 -118.9 4.2 40.2 16 7.4
897.4 -336.6 113.4 -34.8 -23.9 -3.8
2185.4 -460.8 6.6 -90.7 139 37.3
10 24.3 54.5
456.6 -114 7.2 45.3 19.1 7.8
903.6 -349.2 109 -35.5 -30.7 -10.9
2250.8 -540 100.8 -115.1 152 55
winner is: 20
