Regression analysis information for: common_voice_sw_38021900-04-010_0008
number of formants: 3
number of coeccicients: 5
8 23.4 10078.7
387.5 -74.7 18.3 45.5 -44.3 33.8
630.9 68 37.6 37.1 -19.9 27.3
1595.5 -6 -122.4 106.1 7.9 82.7
8.3 20.1 10083.7
389.7 -74.4 24.9 39.8 -41.8 36
630.4 77.3 38.8 35.5 -15.2 23.7
1607.9 -10.2 -68.5 31.2 30.2 122.7
10.6 23.8 10044.6
397.6 -79.8 28 43.4 -43.1 34.9
635.5 75.9 40.7 40.9 -23 30.1
1689.2 -106.3 -53.7 84.4 -39.3 119.6
14.6 13.7 10058.1
400.9 -69.6 26.7 53.6 -43.6 41.9
626.5 91.1 37.7 29.5 -11.7 14.7
1735.8 -140.5 -43.9 80.8 -31.4 99.7
15.8 80 10069.8
424.8 -88.3 65.2 32 -13.4 24.1
708.1 44.2 184.6 0.8 97.2 11.3
1859.1 -178.5 95.9 51.3 81 115.6
20.4 97.6 10083.1
429.9 -70.3 83.9 29.7 -20.1 31.7
752.8 84.4 268.8 35.3 149.6 39.3
1939 -102.7 122.7 86.8 115.3 139.9
42.5 256.2 92.8
472.9 -59 27.9 47.9 22.6 -5.5
950 38.4 -112 182.5 414.2 -195
2095.8 -65.6 -55 104.3 177.3 8.5
41 246.6 78.3
488.6 -54 17.5 58.8 22.2 -23.2
1071.1 192.8 -176.9 211.6 461.2 -157.3
2254.9 135.3 -29.2 -42.9 36.1 5.2
43.8 180.5 25.5
494.5 4.9 -58.9 34.5 5.6 65.3
1246.1 450.3 -462 13.8 418.6 186
2320.3 185.5 -45 -17.3 30.5 5.6
15.6 248.7 94.9
510 -40.2 -51.9 21.4 16.7 29.9
1263.5 277.9 -428.4 -52.5 465.2 111.1
2306.2 44.9 -106.4 -55.5 22 43.1
18 298.3 109.7
509.4 -41.5 -51.4 23.1 18.4 31
1308 251.8 -507.9 -53.2 463.4 135.9
2334.8 70.6 -108.5 -49.7 17.8 55.2
22.2 333.4 83.8
503.5 -36.4 -50.1 33.7 25.6 20.9
1380.9 178.3 -393.3 72.4 624.2 -63.1
2391.9 51.4 -49.1 -9.5 24.9 34.6
19.2 352.7 42.4
510.4 -48.3 -30.6 13.7 37.4 16.9
1665.2 -247 -70.3 -81 638 64
2439.4 47.4 -17.6 -4.1 13.7 22.6
25.3 351.6 40.9
507.1 -51.1 -26.4 19.8 38.9 10.5
1678.2 -210 -94.8 -68.4 640.7 17
2442.9 56.8 -38.8 4.8 13 28.5
8.5 211.1 45.7
519.6 -50.4 -38.6 8.6 21.1 16.3
1889.5 -353.8 -226.8 116.7 271 208.2
2458.1 67.6 -54.7 -15.9 -4.1 36.7
6.5 173.1 20
521.5 -49 -39.5 5.2 17.3 15
1920.6 -253.2 -253.3 -27.9 204.3 196.5
2442.1 48.6 -25.7 16.5 0.5 8.5
5.4 167.8 50.1
519.5 -52.6 -42.5 4 18 17.8
1953.1 -301.1 -301.7 -133.3 111.4 216.4
2461 63.1 -29.8 -10.5 -32.8 -21.3
5.8 131 75.4
517.5 -53.8 -43.2 4.5 19.9 18.4
1971.9 -456.9 -264.7 -5.5 141.5 323.1
2509.8 23.1 -50.3 -22.8 -57.2 70.4
6.3 323.3 74.9
516.4 -50 -42.7 3.8 19.8 16.3
1898.3 -321.7 -333.2 -47.4 342.4 83.2
2531.3 39.7 -91.3 -51.6 -3.9 66.9
4.6 366.9 113.5
515.5 -45.9 -40.4 7.3 15.6 15.2
1747.5 129.3 -590.2 -63.3 314.2 -79.1
2599.6 78.5 -170.9 -135.2 37.3 -3.9
winner is: 16
