Regression analysis information for: common_voice_sw_38021900-04-002_0006
number of formants: 3
number of coeccicients: 5
13.1 9.1 10023.9
432.3 -67.4 -1.9 -42 -38.6 -8.5
586 -101.6 -60.4 -1.4 13.8 12.3
1554.2 -48.9 -81.7 33.1 -26 69.3
17.9 9.7 10019.4
449 -95.7 12.1 -52.7 -36.7 -9.7
589 -100.4 -63.8 -3.8 9.2 17.2
1629.6 -113.3 -72.3 -4.6 -2.3 68.7
16.4 19.7 10017.8
453 -122.4 -13.5 -48.9 -47.1 -13.1
607 -131.9 -38.7 -28.8 18 24.2
1716.1 -134.7 -164.2 15.4 28.6 39
16.8 23.3 10043.3
442 -171.8 -58.4 -42.9 -33.6 -6.7
603.4 -125 -31.3 -59.5 38.7 8.4
1782.7 -123.5 -253.4 -5.7 38.6 47.5
7.7 40.1 23.3
512.5 -82.2 2.3 21.9 -11.1 -13.3
882.4 376.3 276.7 13.6 -17 -74.7
2068.4 291.4 -18.7 80 -18.9 -19
7 44.3 25.6
514 -83.2 1.4 22.1 -11.5 -11.3
875.6 371 261 7.1 -34.7 -73.8
2064.8 258.1 -42.7 66.9 -42.3 -12.8
9.2 48.1 22.8
515.4 -82.1 -4.5 19.6 -4.8 -11.7
889.1 377.1 277.9 0.4 -41 -80.2
2095.8 274.1 -40.3 80.2 -43.2 -4.8
20.9 52.8 18.7
502.4 -63.1 -3.2 -3 19.2 -19.2
900.8 396.4 296.9 0 -45.8 -91.8
2121.1 283.7 -43.6 79.9 -39.9 -6.2
52.3 215.5 30.5
451.4 -34.1 90.2 -81.9 -20.5 84.4
1115 79 411 219.9 -354.8 195.4
2173.5 233.6 -48 89.8 -47 45.6
11.5 245 38
524.6 -92.7 -9.2 28 -6.9 -15.8
1553.1 -237 -136.7 609.3 80.1 -77.7
2227.9 192.9 -113.4 127.7 -11.7 23.4
6.4 192.4 52.4
528.1 -92.8 -18.6 23.7 -2.1 -8.9
1649.7 -207.1 -381.2 375.2 243.1 289
2175.3 168.3 -137.6 80.4 19.1 97.8
5.4 167.2 88.9
528 -92.8 -18.8 21.3 -2.3 -9.4
1747.3 -243.5 -395 211.2 226.4 307.1
2188.7 107.9 -175.5 65.7 9.2 61.4
4.6 140.6 70.7
529.2 -93.2 -17.1 19.9 -0.9 -10.2
1816.5 -261.8 -310.8 146.2 242.9 245.9
2207.9 108.2 -148.6 48.6 11.1 47.4
4.1 40.6 38
527.7 -91.4 -16.7 18.9 -0.5 -11.2
2037.6 21.1 -275.8 -54.2 -84.2 0.6
2287.1 179.1 -99.6 82.2 -37.5 -31.4
4.1 34.7 45.1
526.6 -91.7 -16.8 18.8 -1.2 -12
2032.6 16.4 -289.3 -38.3 -47.8 37.3
2296.6 168.3 -96.8 76.5 -26.3 -44.7
4 28.7 50.2
525.4 -91.1 -15.7 18.9 -2.6 -12.1
2046.4 23 -283.7 -40.7 -49.4 46.4
2326.4 150.8 -122.5 83.1 -11.7 -44.1
3.7 29.5 59.9
524.5 -90.1 -13.3 18.9 -3.4 -11.3
2065.1 20.7 -277.3 -57.3 -68.9 38.6
2365.7 124.7 -157.4 103.6 -14.5 -27.2
4 45 72.1
520.8 -87.3 -12.1 18.2 -5.4 -9.8
2020.4 92.4 -361.7 -37.6 -99.4 17.6
2382.4 165.7 -283 190.6 -49.9 4.4
4.6 52.9 85.9
517.8 -87.3 -12.4 16.8 -6.7 -9.9
1935.8 55.2 -436.9 -85.3 -60.1 -31.9
2347.3 207.8 -287.1 150.7 13 -37.4
4.3 63.9 18
516.1 -86.9 -10.1 14.9 -6.7 -10.1
1817.9 30.5 -263.3 -96.1 -85.8 -44.6
2220.4 262.1 -98.6 44.8 -35.2 31.1
winner is: 5
