Regression analysis information for: common_voice_sw_38021900-04-010_0011
number of formants: 3
number of coeccicients: 5
4 6.1 10003.6
422.2 -16.4 10 3.3 3 1.3
725.5 19.5 16.6 -5.5 5.9 -0.2
1266.7 -51.6 70 -22.9 17.7 2.3
5.6 11.1 10009.2
418.3 -10.6 11.6 -3 7.9 -0.9
718.6 28.9 17 -15.3 19.3 -13.1
1256.9 -37.7 67.9 -31.5 28.2 -4.7
5.8 11.8 10010.2
421.6 -5 14.3 -1.7 7.8 -0.5
717.7 30.4 15 -14.8 19 -15.1
1261 -37 72.5 -30.3 29 -3.9
5.3 7 10012
424.1 10.2 3.8 7.2 2 5.1
696 70.4 -24.9 19.5 -6.2 1.7
1262.9 -24.2 60.6 -11.6 16.7 7.2
17.8 32 10027.4
434.6 17.8 6.9 28 15.4 14.2
705.3 84.2 1.4 51.2 20.8 27.5
1281 -8.5 73.8 20 26.7 27
103.2 129.4 10126.3
468.8 14.5 -14.8 26.7 42.4 63.5
791.7 202.5 51.5 22.1 -13.5 81.2
1379.8 61.3 78.2 -59.4 -42.8 39.9
37.5 77.7 10053.6
572.3 131.9 34.9 13 -38.6 -30.1
956.9 242 183.6 -69 -77 11.6
1504.4 152.3 115.6 -115.4 -127.9 -0.8
5.5 48.6 47.4
610 133.4 -26.9 -1.3 9.8 -0.7
1091.9 186.3 11.8 -69.2 55.2 41.4
1574.6 156.4 -1.8 -151.6 -32.9 82.6
6.1 50.2 33.7
611.1 133.7 -26.4 0.4 9 -1.4
1100.9 187.6 21.1 -58.3 54.9 38.3
1575 171.3 37.3 -124.7 -49 56.2
6.7 56.1 37.3
609.7 137.3 -27.9 0.6 9.4 -1.4
1074.6 241.8 -0.8 -46.2 43.7 51
1590.2 201.1 36.3 -126.6 -41.5 62.6
10 84.9 10068.6
603.5 137.9 -35.1 -4.1 9.4 -4.6
996.9 212.5 -113.2 -126.7 -43.7 -10
1587.8 189.2 -17.3 -184.2 -81.5 15.9
7.3 78.8 10081.5
601.9 143.2 -34 -1.8 12.8 -3.2
989.1 237.1 -93 -132.9 -48.6 5
1601.3 216.9 -8.8 -195.7 -86.3 26.5
5.9 62.8 10067.1
600.2 145.3 -31.6 2 17.9 -3.6
956 198.6 -94.3 -160.6 -84.9 17.1
1524.4 92 -83.6 -248.9 -89.5 104.1
7.6 63.7 10188.6
598.9 138 -30.2 4.7 15.9 -3.7
967.6 226.4 -36.3 -117.1 -81.4 25.4
1534.6 157.9 64.7 -89.4 39.4 213.3
11.8 41.7 10115.3
598.3 133.4 -14.6 4.6 11.2 4.1
998.9 311.4 60.2 -50.2 -47.4 68.1
1502 227.5 324.4 175.7 122 143.1
21.4 113.6 369.3
599.5 134.1 -19.9 19.5 -7.9 11.4
1034.7 303.5 19.8 11.2 -39 -5.2
1798.2 251 239.9 424.2 253.6 -289.5
6.8 114.7 350.4
619.5 116 -23.3 17.5 8 -4.1
1210.7 92.5 46.9 -40.9 99.5 -88.7
2378 -129.9 147 202.2 633.1 -416.8
6.9 77.2 317.7
623.7 116.4 -24.7 16 7.1 -2.7
1276.4 17.1 54.8 -5.9 46.4 -45.7
2669 -253.5 143.2 204 358.4 -226.7
7.5 11.1 210.6
624.8 116.1 -25 13.5 5.2 -0.4
1311.6 -37.2 85.5 -4.7 10.7 13.1
3026.5 -289.1 56.2 70.1 182.4 -1.5
13.3 79.3 392.6
618 123.2 -23.1 3.4 15.9 -0.6
1267.8 26.3 71.2 -43.2 76 -40.8
2948.6 -223.2 16.3 72.5 380.5 25.8
winner is: 9
