Regression analysis information for: common_voice_sw_38021900-04-006_0005
number of formants: 3
number of coeccicients: 5
23.9 31.9 10012
432.1 -22.3 -58.7 -17.1 -46.4 -26
694.7 -83.3 -51.4 -6 18.1 4.1
1288.6 91.7 27.2 4.1 4.6 -12.5
18.5 32.3 10012.5
480.1 -93.2 -4.4 -59 -19.5 -28.5
747.9 -186.7 25.3 -65.2 55.7 -5.9
1309.6 79.4 54.4 -9.5 24.9 -22.5
17.3 35.5 10015.3
486 -90.4 -5.6 -55.8 -7.2 -26.6
751.2 -202.2 28.8 -82.7 61.9 -23.9
1311.2 89.9 57 4 34.7 -13
24.6 21 10011.2
475.2 -79.8 -36.4 -60.5 -22.2 -28.8
684.9 -87.9 -91 -3 -4.5 11.4
1315.2 115.8 57.9 19.9 29.7 -3.5
17.6 124.6 10023
499.6 -20.5 -16.9 -14.1 -3.8 -23.2
811.5 110.1 98 97.6 44.1 -21.4
1334.8 147.4 81.7 34.4 33.6 -12.3
14.6 63.8 10026.8
538.5 -18 -14 -13.3 17.5 -17.8
893.9 274.2 196.4 141.4 31.4 -44.7
1350.7 170.3 89.7 26.3 14.1 -35.9
18.2 125.3 10081
558.4 -23.5 -29.5 -6.7 4.9 -12.8
1014.7 286.7 101.8 -57.6 39.7 -97.7
1429.1 190.5 61.2 -93.2 8.5 -46.6
9.8 56.2 62.3
579.4 -51.4 -15.9 -17.2 11.1 -14.5
1143 228.8 34.7 -145 159.5 -78.6
1498.3 139.3 46.2 -132.6 64.2 -25.5
4.3 15 30.9
588.3 -62.5 -14.1 -14.6 6.2 -6.9
1272.2 81.7 33.5 5.8 11.7 -8
1634.7 -14.6 1.3 11.8 -66.8 23.4
3.9 16.6 33.2
589.8 -65.7 -15.3 -12.7 5.7 -6.3
1283.5 103 49 9.9 16.3 -9.1
1642.3 -7.8 -21 -2.2 -50.1 13.2
4.3 87.5 42.5
583.9 -74.6 -19.3 -13.6 2.4 -4.8
1267.5 53.8 -9.7 -66 -59.2 -94.8
1647.5 -20.9 -44.5 5.8 -44.4 29.3
5.7 77.9 50.8
574.4 -79.6 -24.2 -10.7 -0.5 -3
1231.5 -23.3 -61.7 -90.8 -43.9 -63.7
1642.4 -20.7 -40 25.6 -63.3 47.5
7.7 25 56.3
560.8 -79.4 -27 -4.3 -4.9 -3.9
1156.1 -135.7 -140.8 -109.4 -47 -12.5
1560 -55.6 52 109.8 -119 15.9
6.7 27.8 31.8
548.6 -67.2 -24.8 -0.3 -5.8 -8.8
1141.1 -120.5 -117.5 -77.9 -74.7 -27.2
1491.2 -15.9 113.5 72.6 -98.8 55.9
6.9 32.5 43.1
548.2 -53.3 -23.8 -0.1 -1.6 -7.3
1135.6 -136.5 -175.8 -130.5 -118.1 -56.1
1463.8 29.6 114.4 21.2 -65.4 40.6
5.9 36.3 121.7
555.4 -41.9 -26.5 -4.1 4.4 -6.7
1290.9 143.2 47 41.8 32.1 41.7
1620.3 327.9 278.2 115.4 28.5 91.5
6 30.2 128.6
565.3 -35.3 -32 -9.8 12 -7.8
1306.8 176.9 94.1 39.4 -16.1 -29.9
1779.7 469.1 98.6 -102.4 -28.4 126.7
8.3 12.7 110.2
575.5 -37 -36.2 -15.3 17.9 -10.1
1331.8 170.6 67.9 18.3 20.4 -15.1
1976.4 491 -227.7 -42.7 246.3 89.7
10.5 13.5 87.7
583.8 -42.6 -38.1 -18.4 20.1 -12.9
1333.2 167.9 62.6 23.6 17.8 -10.5
2044.4 480.8 -274.8 34.8 237.1 24.3
11.9 18.2 161
588.9 -60.1 -32 -23.3 25.9 -20.4
1343 159.7 72.9 15 24.1 -21.2
2192.7 349.4 -174.5 10.9 349.8 -153.3
winner is: 9
