Regression analysis information for: common_voice_sw_38021900-04-014_0004
number of formants: 3
number of coeccicients: 5
3.2 54.2 10074.3
282.4 -12.6 -28.8 2.3 -10.7 -0.7
555.2 -55.7 -34.4 29.5 -19.4 -44.1
1723.6 -82.6 -73.3 2.9 55.3 46.3
3.3 75 10053.3
282.8 -12.3 -28.6 2.1 -11.2 -0.4
570.1 -34.2 -11.8 30.1 -46.7 -71.4
1776.3 -64.7 -16.9 -10.8 -40.4 48.7
10.7 125.7 10087.1
280 -16 -24.9 9.5 -8 -4
644.4 20.3 -69.3 -67.6 -103.7 -22.3
1870.6 -68.2 -79.8 -30.4 -83.3 78.2
6.5 203.5 10110.5
283.5 -15 -27.2 5.4 -7.9 -0.3
748.5 84.3 -186.4 -214.3 -157.3 68.1
1995.2 -73 -200.4 -62.4 -97.1 75.9
3.5 203.4 101.8
286.3 -14.4 -28.7 1.4 -9 -0.1
836.8 103.3 -340.4 -318.2 -91.1 197.3
2095.6 -78.7 -310.9 -120.1 -32.6 104.2
3.9 213.2 98
289 -16.8 -25.7 0.3 -7.5 -0.4
930.3 99.3 -448.3 -280.5 -104.2 108.6
2153.8 -111.2 -287.9 -147.4 -60.7 67.5
6.1 276 107.2
289.5 -22.1 -24.8 -1.2 -5.6 1.5
981.8 128.2 -502.7 -240.1 -136.9 48.2
2219 -135.7 -256.2 -159.6 -65.4 72.4
4.3 484.5 157.1
292.1 -20.7 -20.8 -0.2 -4.9 0.6
1193.4 -233 -112 -412.6 -106.4 63.6
2314.1 -228.8 -128.5 -230 -29.3 39.2
5.1 408.8 174.4
292.9 -17 -17.2 -0.7 -0.2 -1.3
1529.4 -392.1 -132.6 -539.2 109 30.5
2433.9 -188.4 -144.7 -249 -9 -16.3
4.1 357 171
293.8 -15.4 -17.4 3.9 -1.6 0.4
1761.2 -451 -295.7 -385.8 -74.1 20.8
2536.5 -175.3 -138.5 -228.2 -95.9 -65.4
5.6 307.1 134
294.2 -14.5 -16.1 4 -0.1 0.3
1789.6 -187.1 65.2 -396.7 -53.4 240.6
2617.2 -14.6 47.5 -145.2 -47.1 29.7
3.5 275.8 92.5
296.7 -13 -12.5 7.1 0.9 4.2
1911 -117.4 -46.7 -152 142.7 48.4
2673.5 42.4 59.6 -41.5 22.3 13.8
4 141 38.4
297 -12.2 -11.8 8.1 1.6 5
2047.9 -257.5 -152.2 4.7 136.9 -78.8
2722.7 -8.6 9.9 33.6 16.6 -40.4
4.4 89.7 26.2
296.4 -12.1 -12.7 8.2 0.9 5.3
2113.6 -311.9 -137.2 -8.5 60.1 28.4
2741.6 -20.5 16.6 29.7 -7.4 -16.2
4.7 68.4 20.5
296.6 -11.8 -12.3 8.5 1.2 5.8
2153.6 -322.5 -150 -23.7 14.9 70
2749.4 -20.4 11.6 22.4 -14.8 -7.3
4.3 63.5 19.6
295.8 -12.4 -13.3 7.7 0.5 5.3
2181.4 -336.9 -147.3 -44.2 25.5 67.3
2754.3 -18.6 11.6 17.8 -16.7 -5.5
3.6 71.2 20.7
293.2 -14.5 -17.4 5.3 -2.7 3.3
2187.3 -355 -130.1 -63.3 25.7 88.7
2755 -12.2 12.5 15.7 -20.8 2.4
2.9 92.2 22.1
292.2 -16.1 -19.2 3.5 -4 2
2175.1 -399.3 -123.7 -135 15.8 88.5
2754.1 -10.1 11.9 11.6 -21.2 6.2
2.8 102.7 23.7
291.7 -16.1 -20 3.3 -4.5 1.7
2165.7 -405.3 -154.4 -168.6 -13.3 90.5
2753 -13.7 6.6 0.6 -18.9 0.9
2.9 96.9 19.7
291.2 -16 -20.9 3.4 -4.9 1.7
2162.5 -362.7 -233.8 -156.8 -42.8 101.3
2749 -6.6 -9.4 0 -26.4 3.3
winner is: 16
