Regression analysis information for: common_voice_sw_38021900-04-004_0001
number of formants: 3
number of coeccicients: 5
32.5 32.6 10008.6
498.7 163.7 -6.7 19.9 -32.9 -50.8
784 37.2 21 -20.9 -44.2 -59.9
1271.6 -65 48.4 -39 17.4 -8.4
18.8 49.3 10022.4
572.9 202.3 -81.9 -29.6 12.1 11.5
911 130.1 -134.9 -173.5 2 54.1
1303 -73.8 32.1 -63.7 23.1 25.2
69.7 107.2 10041.6
624.5 113.2 -98.2 6.7 -55.1 49.3
946.2 -7.6 -176.7 -85.8 -22.9 154.5
1337.6 -134.5 46.9 -18.7 -28.6 46.9
61.3 107.4 10057.9
604 144.1 -128.6 8.4 -35.1 2.2
942.9 -20.2 -200.2 -66.1 -7.2 148
1363.9 -165.1 40 5.8 -63.5 71.4
45.2 100.8 10052.3
649.1 93.9 -147.3 76.2 -95.1 32.1
965.3 -114.3 -147.5 8 -107.9 209.5
1393.2 -182.8 31.3 -11.3 -60.9 87.2
94.5 144.4 10082.6
649.1 80.8 -61.7 -20.6 -9.5 -16.7
949.2 -205.2 105.7 -41.2 -82.5 -14.4
1402.6 -258.6 103.1 -4.4 -28.7 -13.8
42.2 54 145.3
702 -4 0 -38.5 -18.1 25.2
1110.7 -251.4 135.8 -207.3 -177.4 38.3
1513.4 -300 75.4 -56.5 -127.5 17.7
13.4 62.8 166
720.2 -16.5 -27.3 -3.5 -19.5 -5.9
1193.7 -305.8 -33.8 -137.6 -84.2 10.7
1675.7 -346.1 -208.8 106.7 -61.2 -137.2
40.6 97 121.1
702.1 17.5 -34.7 -18.3 18.4 -42.5
1161.4 -245.1 -89.2 -176.4 46.3 -60
1738.8 -321.5 -288.3 15.7 32 -69.9
12.6 22.6 49.6
722.7 -15.8 -25 -1.7 -15.2 -4.2
1197.9 -333.9 -56.8 -111 -1.4 34.3
1743.8 -422.5 -259.1 120.9 46.3 24.3
38.9 60 129.2
710.5 -15.7 -44.1 4.7 -26.3 12.9
1246.7 -257.2 8.2 -50.7 36.3 91.2
1879.1 -258.1 -108.2 303.9 212.6 196.2
20.9 53 116.3
723.9 11.5 -21 23.1 -17.3 17.2
1292.4 -169.6 67.9 -22.4 40.8 69.4
1964.5 -88.4 -46.2 283.6 170.3 59.5
21.7 35.8 83
723.8 12.9 -20.6 23.7 -19.9 17.8
1317.9 -139.1 83.1 -47.3 2.9 22.3
2098.3 54.1 -57.6 94.8 -93.6 -111.9
20.9 31.7 65.5
724.8 12.9 -19.7 21.8 -19.8 17.4
1320.8 -144.3 87.1 -50.1 5 19.9
2133.5 50.9 -44.2 106.6 -63.1 -63.8
16.3 38.2 131.3
726.4 11.5 -17.2 18.3 -16.5 14.3
1323.4 -146.5 90.8 -51.8 6 23
2298.8 -149 160.7 -32.9 41.4 -66.9
12.8 84.3 51.1
709.4 42.7 -40.7 29.1 -17.9 6.6
1190.7 100.1 -109.4 77 -49.1 4.4
2148.1 266.8 -145.4 147 -0.9 -75.7
18.4 78.9 58.9
716.9 29.1 -30.8 22.5 -16.9 13.4
1202.4 78.6 -90.6 61.8 -40.3 4
2182.7 341.3 -148.8 131.5 50.1 -75.3
18.8 79.1 243.7
720.6 21.8 -26.9 21 -19.8 22.1
1291.7 -81.9 29.6 5 -47.7 75.9
2430.8 61.7 99.4 92.2 -42.1 216.6
12.7 31.4 159.8
724.9 10.2 -17.6 12.9 -11.3 15.6
1333.2 -165 106.1 -65.5 12 25.2
2537.3 -31.6 269.2 -8.4 101.1 117.7
5.4 18 133.1
728.7 -2.2 -7.9 2.6 -2.1 6.6
1337.5 -176.1 118.4 -79.2 25 13
2569 50.7 387.7 80.3 207.2 142.7
winner is: 10
