Regression analysis information for: common_voice_sw_38021900-04-012_0017
number of formants: 3
number of coeccicients: 5
3.1 29.3 10071.7
303 -14.6 -2.9 1.3 -2.8 0.6
642.6 -75.5 38.8 -50.8 53 -46.2
1787.4 22.6 43.5 45.5 67.4 -42.3
3 29.7 10059.7
303.6 -14 -3.2 0.5 -3.1 0.7
643 -71.3 37.6 -50.2 52.3 -45.4
1803.6 46.2 64.8 55.5 74.2 -29.2
2.7 37.7 10064.6
305 -12.5 -4.3 -1 -4 0.4
634.4 -48.1 17.2 -35.6 40.3 -39.4
1793.3 116.7 4.3 87.2 34.5 -15.3
2.9 34.1 10084
308.3 -9.3 -6.5 -3.5 -5.4 0
640.2 -52.3 15.6 -34.8 38.3 -41.2
1840.5 107.3 -14.4 87.6 29.8 -37.6
4.6 36.3 10097.7
313.5 -5.3 -9.7 -6.9 -7.8 -1.4
651.6 -70.4 28.4 -32.9 47.5 -44.6
1917.6 43.3 11.6 73.5 44.1 -81.6
6.9 37.4 10100.2
321.8 1.8 -13.5 -11.5 -12.7 -4.5
649.9 -85.9 27.1 -13.5 46.9 -38.9
1936.2 84.9 -75.9 180 -42.7 -44.7
16 46.4 130.9
329.9 7.3 -17.6 -12.5 -15.3 -11.2
631.5 -129.9 47 31.8 66.4 -35.5
2073.4 -95.3 31.9 106.9 32.2 -149.4
29.6 286.2 227.1
343.9 10.8 -43.7 -31.2 -4.5 19.9
868.5 94.3 -123.3 -336.6 -115.5 89.6
2244.9 -39.3 -89.3 -34.1 -52.4 -94.4
7.1 262.3 144.1
369.1 35.3 -55.8 -50.6 -20.6 2.9
1119.1 345.3 -18 -431.8 -411.2 -79.3
2394.6 -32.9 -54 -83.8 -159.6 -88.2
9 327.7 85.5
372.9 31.5 -70.3 -56.1 -18.3 -1
1354 300 -391.1 -305.5 -117 -201.3
2469.8 -84.6 -192.3 -65.6 -46.5 -62.3
6.3 295.3 71.1
378.7 38.6 -66 -49 -11.5 2.5
1501.4 256.9 -437.6 -79.6 -102.8 -288.1
2520.7 -108.4 -152.6 -44.3 -51.1 -51.2
7.1 363 92.5
377 39.2 -63.6 -48.3 -11.1 3.8
1481.6 411.5 -323.5 -175.5 41.8 -123
2525.5 -68.4 -149.8 -12.7 -61.8 -20.5
14 363.8 103.3
367.5 36.2 -52.2 -48.3 -12 13.3
1450.2 547.8 -137.7 -272 -32.3 48.5
2520.4 11.3 -122.2 -9.2 -27.4 -62.6
14.9 352.7 129
360.1 32.5 -46.9 -33.1 0.8 -2.8
1670.9 553.3 -271.3 220 210.8 -205.7
2564.6 55.7 -124.8 82.9 12.4 -123
8.9 240 128.1
362.2 27.1 -43.8 -21.5 -6.4 -6.6
1853.6 255.1 -343.3 611.4 -44.5 -183.5
2618.6 -46.6 -136.7 140.2 -47.8 -121
8.2 225.3 64.9
361.8 25.3 -42.3 -18.9 -6.4 -7.6
1871.9 194.9 -305.7 641.1 -77.7 -161.3
2657 -94.6 -73.9 134.9 -57.6 -40.9
6.5 230.7 64.2
358.1 21.4 -43 -21.9 -7.2 -3.7
1859.4 87.3 -217.5 632.6 -258.5 -251.2
2680.2 -99.5 -47.8 116.5 -33.1 -23
5.9 244.6 154.7
358.3 20.3 -44.1 -24.9 -8 -0.7
2117 241.4 -469.6 236.7 -359.3 27.5
2800 -22 -162 -32.3 -37.9 127.3
5.8 243.1 146.1
356.3 18.6 -45.2 -27.9 -7.1 3.2
2204.8 100.4 -425.5 185.7 -198 82
2861.6 -14.7 -214.1 2.9 -7.7 119.4
6.1 266 145.5
354.8 17.9 -45.5 -29.8 -6.8 5.5
2180.1 144.1 -330.2 205.1 -201.7 204.7
2925.6 34.6 -173.2 85.3 55.8 165.5
winner is: 7
