Regression analysis information for: common_voice_sw_38021900-04-014_0002
number of formants: 3
number of coeccicients: 5
25.8 46.2 10169.8
431 10.2 -30.1 -13 -53.7 2.6
643.6 -20.8 21.2 -90.2 -80.6 -27.8
1651.9 -2.7 -125.7 -53.7 -152.2 -185.7
30 67.5 10150.2
434 18.4 -17.5 -10.6 -56.1 0.7
674.5 28 46.2 -85.8 -70.4 -31.6
1736 55.8 -142.7 -38.1 -95.6 -159.5
26.9 81.2 10162.5
440.3 22.5 -27 -19.3 -36.8 9
651.9 8.1 54.9 -62.9 21.2 19.7
1803.1 49.5 -120.2 -18.8 -95.5 -120.7
19.5 77.4 10136.2
448.3 35.8 -1.5 -4.5 -30.8 22
672 34.7 108.8 -31.6 34.6 41.4
1908.8 53.7 -134.2 -76.9 -72 -9.9
24.4 76.9 10127.2
445.9 26.9 9.1 -4.7 -43.3 21.1
658.9 5.9 142 -36.7 11.9 38.8
1916.1 -14.4 -54.8 -71.3 -75.6 -28.5
36 96.3 86.1
438.6 16.4 11 -16.6 -59.6 23
671.9 -21.9 141.8 -76 -10.4 33
2009.1 -48 -24.1 -173.1 -92.7 -27.2
29.5 249.1 88.4
457.1 5 -32.5 -10.7 -29.3 8.9
819.3 -113.5 -223.9 -17.3 211 -133.8
2124.5 -71.6 -242.1 -167.4 11.9 -93.1
40.9 269.5 91.7
452.9 -2.8 -42.1 -28.3 -34.2 3.5
870.2 -73.2 -217.8 42 249.9 -159.7
2192.3 -20.9 -233.3 -136.4 18.2 -96.3
18.6 249.3 66.9
472.8 24.1 -21.4 6.7 -5.6 14.3
1024.1 68.8 -124.8 294.4 369.1 -131.2
2302.1 105.7 -112.5 11.5 81 -35.1
20.3 225.2 55.7
474.5 21.5 -20.7 8.1 -8.2 19
1144.2 -37.1 -188.7 479.4 197.2 -122.6
2354.2 92.2 -111.3 64.3 11.5 -32.4
15.1 220.3 41.2
479.1 13.5 -20.2 21.2 -9.3 13.1
1274.3 -21 -231.4 549.7 74.5 -199
2396.3 74.6 -106.4 92.6 -36.3 -22.6
14.9 268.5 43
481.4 8.8 -18.3 21.5 -10.7 15.6
1424.7 120.6 -227.6 414.7 -116.9 -265.6
2414.2 65.1 -106.9 80.1 -58.3 0.7
9.5 265 41.5
486.5 10.7 -16.4 14.3 -13.3 12.4
1569.3 279.9 -372.7 203 -182.8 -175.1
2419.5 72.4 -128.2 56.8 -40.5 20.8
19 366.7 48.7
484.2 -3.2 -13.8 6 0.4 15.2
1600.9 252.7 -489.8 215.4 -112 -75
2439.4 76.2 -111.1 58.1 -69.8 -1.1
19.1 552.9 116.5
486.6 -4.8 -0.6 3.7 -7.3 6.1
1638.7 -87.4 -107.7 301.9 -175.1 -286.4
2515.1 33.3 -30.3 13.8 -37.5 -68
19.2 462.2 90.6
490.5 -19.6 -1.3 -4.8 0.1 12.9
1750.5 -422.9 -148.1 -27.8 -267.3 -180.6
2531.3 -66.7 -21.8 -56.9 -5.1 -60.6
13.6 315.3 75.3
495.4 -14.1 6.3 -7.8 -5.9 5.5
1941.1 -118.7 105.1 -126.8 -486.1 -302
2563.4 -59.7 21.1 -58.4 -3.9 -78.5
12.1 122.2 94.5
496.4 -12.6 1.9 -6.6 -4.3 5.7
2201.6 -48.3 -308.8 -187.7 -104 -133.7
2592.6 -64.5 -96.7 -78.2 99.6 11.1
11.8 130.5 75
495 -10.2 -0.3 -6.3 -4.1 5.3
2230.2 -69.9 -293 -183.8 -124.9 -136.5
2588.2 -63.2 -32.9 -87.3 47.9 -31.9
11.8 160.4 83.3
492.9 -7.2 -2.4 -5.5 -4.4 5.9
2219.7 -66.9 -330.2 -174.4 -139.9 -182.4
2618.4 -32 -26.4 -117.3 25.5 -54.5
winner is: 19
