Regression analysis information for: common_voice_sw_38021900-04-002_0007
number of formants: 3
number of coeccicients: 5
21.9 1.4 10030.7
316.3 -59.8 -37 49.9 -10.8 -40.4
502.3 -32.2 -2.2 1.3 1.5 0.8
849.1 -177.9 39.2 7.8 -0.5 -21.4
20.2 2.4 10024.5
327.1 -76.2 -25.4 56.9 -36.3 -11.4
501.1 -32.9 -2.6 2.7 2.3 0.1
860.2 -192.4 36.7 25.1 -19.2 -17
13.3 2.9 10027
317.2 -68.8 -14.9 40.6 -20.1 -1.7
499 -34.7 -4.4 5.4 3.8 -1.7
858.3 -190.7 36.9 21.7 -14.3 -20.7
24.4 35.2 10011.2
330.1 -110.4 2.7 54.6 -30.6 33.4
521.3 -81 23 6.2 -20.3 37.4
867.7 -208.2 44.5 28 -31.3 -0.9
61.9 58.3 10153.3
347.2 -118 37.3 13.9 -57.4 -20.2
567.5 -95.2 68.9 -60 -43.1 -26.3
973.8 -56.3 65.9 -102.2 -237.9 -182.3
55.6 74.2 10180.6
412.7 -75.6 -72.9 -77 -54.1 -7.8
660.3 -51.3 -21.7 -144.8 9.2 -14
1386.9 190.7 -346.2 -470.8 -55.8 -42.6
40.3 56.2 10122.5
441.2 17.3 -14.9 -10.2 -3.9 25.4
664.9 54 7.2 -89.2 63.2 -16.4
1565.9 520.4 -124.1 -242.9 158.1 135.3
23.8 53.7 10079
439.3 14.2 -2.8 -33.4 22 -0.6
673.2 40.9 6.4 -98.4 91.2 -54.4
1464 479.3 51.5 -155.9 16 23.6
23.2 55.2 10109
441.1 13.7 -4.2 -33.4 25.9 -2.9
679.9 35.9 1.5 -94.7 98.3 -65.4
1543.7 490.9 -115.3 -183.2 142.8 67.2
29.2 50 10140.6
440.3 10.2 9.9 -47.9 29.3 4.8
689.9 18.8 17.3 -110.3 111.6 -74.5
1667 540.9 -238.8 -186.9 233.6 13
32.6 45.8 10163.8
434.9 15.3 10.8 -51.7 30.2 3.7
699.4 -6.8 48.7 -137.3 120.4 -69.5
1690.7 552.3 -220.4 -238.5 245.1 12.7
41.8 73.4 171.4
424.8 40.7 -22.7 -25.9 25.1 -3.4
674 47 -6.1 -75.5 54.6 3
1711.7 631.8 -249.7 -204.9 224 43.9
28.9 46.6 103.7
424.4 52.5 -52 -7.6 43.8 -53.5
689.1 67.6 -119.9 53.1 14.4 -68.8
1880.5 532.2 -442.4 83.9 194.1 -171
47.4 66.1 313.4
453.1 8.5 -41.6 24.2 -12.8 13
799.2 -119.4 -16.6 61.6 -74.9 51.4
2282.3 -119.9 -31.9 70.1 -90 203
2.6 10.4 276.3
484.1 -47.8 -6.2 3.7 -1.2 -3.4
854 -219.2 49.7 11.6 -33 -2.1
2339.2 -151.5 100.8 -57.9 104.8 -107.2
3.4 12.2 211.3
483.5 -49.6 -8.1 2.2 -2.6 -5.1
853 -223.9 45.7 8.7 -35.1 -6.4
2193.7 -126.2 -38.3 -89.6 -21.7 -159.8
4.3 12.4 174.2
481.7 -52.5 -9 1.7 -3.3 -6.3
850.9 -225.9 43.5 7.9 -36.1 -7.3
2293.8 -108.5 -29.8 -119.3 32.1 -91.5
3.3 10.3 96.9
482.5 -51 -6.8 3.7 -1.5 -5
850.7 -220.3 46 10.9 -33.9 -3.8
2358.8 -57.3 60.1 -89 136.2 -10.8
2.9 9.3 56.6
484.8 -48.4 -6.7 3.2 -1.1 -4.5
853.8 -217.4 46.2 11.6 -32.1 -4
2330.5 -147.8 142.6 -110.5 134.4 -33.6
4.5 11.7 207.6
476.5 -59.5 -10.6 4 -2.8 -6.6
846.6 -235.7 41.4 9.2 -33.8 -9.3
2507.9 -396.2 79 -372.2 8.2 -101.8
winner is: 19
