Regression analysis information for: common_voice_sw_38021900-04-006_0009
number of formants: 3
number of coeccicients: 5
5.9 13.3 10015.7
343.9 80 -24.2 19.8 9.3 -2
631.4 -34 -52 -17.1 -33.7 -24.7
1207.3 32.5 74.8 -57.1 -5.8 33.7
16.1 13.6 10020.7
365 77.6 -64 29.4 35 -15.9
635.6 -40.2 -67.4 -18 -32.3 -29.3
1240.2 20.1 14.1 -25.5 26.8 3.5
25 21.9 10006.3
404.4 38.6 -86.9 80.6 0.1 -14.1
662 -56 -79.8 20.2 -50.7 -41.1
1281.1 -28.9 -0.5 25.7 -12.5 7.5
33.4 26 10006.6
408.6 26.9 -68.4 85.6 -28.5 -3.9
669.3 -64.4 -72.4 28.2 -67.5 -33.9
1289.3 -38.6 7.7 26.7 -15.8 11
40.4 26.1 10008.1
394.7 38.8 -51.8 65.1 -37.1 -5.8
661.6 -57.3 -61.7 12.3 -65.3 -26.6
1290.9 -41 16.3 21.8 -15.3 11.9
22.2 20.8 10010.3
367.8 71.1 -40.2 22 -12.1 -24.2
647.1 -36.7 -60.3 -7.3 -43 -39.8
1284.1 -32.8 24.8 7.8 -6.8 12.1
8.8 47.4 10022.2
371.6 85 -26.1 24.7 1.6 -16.7
760.1 172.4 130 154.3 71.5 38.1
1320.6 52.1 99.5 69.7 55.8 52
9.1 44.6 10020
377.6 86.6 -32.1 27.9 -1.6 -18.3
766.5 180.2 138.1 152.4 61.4 22.1
1322.1 46.3 91.8 70.9 50.9 48.4
18 46.9 10019.3
390.4 88.6 -53.1 39.5 -9 -33.9
754.2 190.3 156.4 147 65.8 25.8
1331 50.2 94 80.6 53.1 46.5
53.7 118.9 92.4
480.2 -19.8 -54.9 97.7 -79.9 7.9
954.4 -98.1 87.1 377 -3.2 84.3
1475 -141 128 175.3 -46.4 167.5
42.9 116.3 96
524.4 -10.7 -113.5 44.7 -44.7 51.4
1080.4 -66.2 -155 50.3 -19.3 202.2
1609.1 -104 -115.4 -125.2 -84.9 232.3
33.1 100.4 106.7
541.6 -36.7 -86.4 17 -29.9 28.4
1122.2 -93.2 -108 -43.4 -46.3 102
1648.9 -114.7 -38.9 -169 -104.3 104.4
12.5 41.5 64.2
553.3 -55.9 -66.3 -3.3 -11.7 6
1168.3 -114.7 -39.9 -91.5 -13.4 21.5
1686.6 -153.6 17 -213.5 -70.6 13.3
13.6 46.7 61.1
554.4 -53.3 -66.6 -2.6 -13.2 6.2
1184.9 -99.4 -36.1 -87.3 -40.8 -3.8
1698.9 -134.3 10 -210.5 -100 -2.6
19.7 53.1 82.3
551.6 -47.5 -63.3 -9.7 -7.3 6.5
1222.2 -58.2 -3.1 -41.3 -9.7 19.6
1709 -68.7 50.9 -228.8 -79.2 9.4
23.7 87.9 92.5
549.8 -44.4 -62.1 -13.6 -2.2 5.4
1206.8 -41.8 5.9 -72.1 8.9 7.4
1750 -23.6 83.8 -201 -47.5 -1.5
30.1 68.6 54.1
545.1 -40.1 -59.2 -19.5 5.4 6.7
1238.1 38.7 65.7 -40.1 64.7 8.6
1799.9 65 166 -171.8 -2.6 29.5
32.5 70.9 61.7
542.2 -38.3 -58.7 -19 8 8.4
1240.7 38.7 62.9 -43.5 73.3 3.5
1806.6 66.1 170.3 -196.4 3.6 35.6
34.6 78.6 67
536.1 -33.1 -57.9 -17.4 15.4 7.5
1231.3 50.5 58.9 -66.7 99.2 -7.3
1816.1 66.1 197.2 -216.8 -15.1 68.2
42.2 86.6 94.4
514.5 -17.5 -55.8 -13.2 7.6 24.7
1169.5 82.2 180.2 -149.3 38.1 87.2
1800.3 40.4 242.7 -202.7 -68.3 80.1
winner is: 13
