Regression analysis information for: common_voice_sw_38021900-04-004_0010
number of formants: 3
number of coeccicients: 5
3.6 13.3 10041.5
339.5 -36.4 -19.5 7.8 -18.2 -16.4
665.1 80.9 28.5 22.2 -13 -27.9
1110.6 75.3 233.6 132.6 49.8 -9.8
5.6 12 10034.6
334.5 -48.8 3.2 -13.2 -6.5 -14.1
655.3 72.4 27.7 19 -14.5 -18.2
1031.6 -100.6 145.9 49.7 74.8 25.5
14.1 19 10047.6
360 -73.7 22.3 -40.8 5.1 -26.3
661.4 80.1 30.2 22.7 -11.9 -25.3
1109.1 12.2 264.2 122.6 117.7 19.2
10.9 20.7 10034.8
367.2 -74.1 20.1 -41.7 3.1 -20.1
673 53.8 50.8 7.1 8.8 -41.5
1088.1 -26.7 235.6 108.7 116.6 34.1
10.3 24.8 10028.7
374.2 -84.7 24.2 -43.5 0.8 -7.5
685.2 45 59.9 -15.6 10.8 -60.8
1094.4 -30.4 239.3 102.5 107.6 21.9
5.3 25.6 10043.2
390.9 -100 17.8 -42.5 -6.1 7
650.6 64.8 46.5 36.2 12.6 -55.2
1130.6 9.5 284.3 113.2 92.6 -14.3
9.1 54.6 10079.8
410.2 -97.9 -18.9 -15.3 -25.4 17.7
690.4 132.7 -4.5 -59.1 -41.5 23.1
1296.4 188.3 136.7 -148.7 -35.2 63.7
5.7 94.8 10085.6
426.1 -98.2 -48.6 2 -23.5 13.9
792.2 29 -18.2 2.1 -108 145.7
1368.4 159.5 57.5 -102.9 7.9 101.7
5.3 42.4 10023.8
433 -99 -50.9 6.4 -22.5 10.4
836.8 8.5 -101.7 81.2 -83.3 45.5
1433.2 120 -50.6 8.8 16.4 0.3
4.3 41.3 10025.3
437.8 -106.4 -46.7 2.8 -15.9 5.9
832.6 18.8 -107.2 85.2 -83.7 46
1437.5 121.1 -44.1 3.7 13.9 5.6
4 41.9 10035.7
433.3 -116.9 -41.2 7.9 -11 2.3
815.6 41.4 -126.7 89.3 -66.7 16.6
1441.4 123.2 -42.3 -10.1 38.3 -7.9
4.3 32.6 10039.8
426.6 -117.7 -34.5 9.9 -8.6 -2.1
802.4 57.7 -132.9 85.7 -50 2.2
1432.2 127.5 -44.2 -18.2 69.1 -15.8
26.2 76 10050.8
411.7 -89.2 -55.1 35 -24.9 8.5
829.5 1.2 -80.4 39.9 -13 -25.9
1429.1 107 -44 -11.4 78.7 -12.4
10.7 66.2 10040.5
415.9 -116.8 -12.1 2.2 -3.7 -17.8
857.9 -73 13.5 -57.1 69 -86.1
1435.9 55.2 25.1 -39.8 113.3 -47.3
5.2 31.6 10032.2
414.4 -120.7 3.3 -6.3 -6.5 -8.8
873 -105.6 59.6 -78.9 58.2 -36.7
1432.9 29.7 82.6 -41.2 92.1 -35.7
4 23.9 10031.2
413.1 -124.6 7.9 -8.5 -10.3 -3.5
887.3 -130.1 85.6 -79.7 40.3 -1.4
1442.2 22.6 123.1 -43.5 68 -13
2.7 18.8 10032.9
413.7 -125.8 10.5 -8.9 -13.5 -1.1
896.6 -142.8 93.7 -74.1 25.8 12.5
1443.1 29.6 130.8 -50.6 60.8 -16.5
1.9 19 10034.7
416.3 -122.8 13.4 -8.2 -15.3 -0.7
901.1 -143.6 94 -69 16.5 17.2
1450.4 29.1 131.8 -50.8 48.5 -12.3
0.9 26.2 10033
419.7 -122.8 12.7 -6 -18.7 -0.2
918.7 -162.3 99.7 -55.3 -4.9 33.6
1482.2 14.9 136.9 -41.8 10.9 19.8
1.9 28.4 10035.9
417.3 -118.7 7.9 -6.1 -19.7 -1.1
920 -156.7 104.5 -60.2 2.7 31.1
1491.8 52 130.2 -56.8 6.9 14.9
winner is: 2
