Regression analysis information for: common_voice_sw_38021900-04-008_0007
number of formants: 3
number of coeccicients: 5
26.3 40.6 10091.9
410.3 23.8 -48.8 -79.1 -68.2 -11.5
733.2 -31.4 -8.4 -95.1 -63.7 -25
1643.2 17.7 81.8 41.5 -187 36.8
24.6 44.6 10074.8
432.9 17.4 -76.8 -86.2 -51.7 -1.1
754.8 -42.4 -23.7 -120.1 -47.4 -5.8
1750.6 -38.5 22.3 -15.9 -81 8.9
27.7 43.5 10065.8
440.5 10.6 -85.3 -91.4 -41.4 8.7
764.5 -55.4 -34.4 -130.8 -22.1 10.5
1788 -48.3 -16.3 -51.9 -42.6 36.8
24.5 38.8 10057.2
440.4 22.2 -95.9 -94.7 -28.1 6
742.8 -68.2 -42.9 -94.6 20.8 29.5
1795.8 -16.8 -63.3 -57.8 35.2 48.4
23.3 40.2 10046.1
448.8 14.5 -105.3 -86 -17.6 -1.9
725.1 -93.1 -9.3 -55.9 29.5 -10.2
1842 -35.1 -88.9 -19 75.9 17
20.2 28.9 10038.7
463.7 3.9 -115.2 -72.1 -13.6 -13.2
696.6 -100.1 54.5 -53.2 -19.6 -29.4
1888.3 -61.4 -92.1 23.6 73.2 -1.8
18.6 31.5 10037.1
474.4 0 -116 -65.1 -17.6 -15.8
697.6 -99.6 48.7 -59.4 -8.5 -29.7
1929.9 -59.7 -104.6 47.9 94.7 -10.9
18.7 60.9 10043.4
497.2 -21.1 -120.7 -38.9 -39.4 -8.2
698.9 -75 13.4 -80.2 33.1 -52.5
1980.8 -57.3 -109.5 81.8 63.1 -12.4
29 120.5 76.5
507.1 -19.2 -105.9 -46.7 -40.6 -4.8
754.2 26.6 12.4 -126.6 -26.4 -191.9
2071.6 -33.6 -86.1 104.9 -15.4 -23.4
65.9 240.8 107.1
487.9 2.7 -70.4 -83.2 -18.7 -12.2
868.1 -25.7 71.9 -137.2 -232.3 -112.4
2156.5 18.8 -66.4 71.9 -71.6 -13.6
50.4 361.3 88.2
514.9 -29.1 -17 2 -101.5 -44.2
1344.9 -80.9 -23.5 218.1 -604.6 -8.1
2322.7 238.2 40.2 124.6 -39.8 46
24.8 337.2 111.7
561.4 -32.7 -71.8 -22.1 -54 -10.5
1650.2 -210.4 -219.2 92 -304.3 88.3
2388.3 233.1 45.2 116.2 27.2 65.7
19.8 233 60.9
572.4 -47.9 -45.7 -37 -38.9 -17.6
1701.7 -215.2 -3.8 27.4 -164 1.6
2402 206 143.7 59.4 46.2 45.2
26 196.1 62.3
575.2 -46.9 -29.9 -36.9 -39.7 -15.1
1773.4 -126.4 -6.5 99.5 -58.5 38.5
2418.5 226.5 153.2 71.7 52.5 45.3
13.3 116.8 65.2
583.5 -49 -36.7 -23.2 -11.8 -9.1
1837.5 -138.7 -42.7 325.1 301.8 204.3
2449 238.2 129 99.5 110.7 56.7
12.8 120.2 58.2
583.4 -48.7 -36.9 -21.1 -11.5 -12.6
1860.6 -164.9 -37.8 371.3 319 200.8
2452.5 236.6 126.3 104.8 115.9 54.9
13.6 136.7 110.6
573.8 -34 -48.9 -12.8 -20.9 -9.5
1945.8 -150.9 -21.9 413.3 306.3 220
2502.4 245.8 61.8 146 179.5 -0.9
14.5 145.9 133.8
569.6 -28.6 -52.4 -11.7 -27 -7.1
1984.8 -133.5 -58.4 396.1 266.4 224.3
2557.6 243.8 -33 152.6 228.7 -21.6
22 280.4 140.5
554.3 -22.1 -38.7 -16.9 -40.9 -2.1
1718 -45.2 424.6 313.1 -25.4 263.6
2517.6 238.8 61.5 143.7 125.5 33.3
15 243.6 121.8
552.2 -8.1 -54.6 -22.8 -28.9 -5.2
1579.6 428.2 341.2 5.3 187 -30.3
2490.9 272.5 71.1 100.2 163.1 7.4
winner is: 16
