Regression analysis information for: common_voice_sw_38021900-04-004_0007
number of formants: 3
number of coeccicients: 5
8.4 15.1 10030.9
434.1 -67.8 -78 8.5 -22.5 -5.8
789.1 -7.2 -171 -28 -0.8 -3.5
1475 -149 -177.7 31.4 40.6 60.9
5.3 10.4 10026.5
422.6 -54.3 -60.4 -5.7 -13.5 -16.3
780.8 0 -158.7 -38.7 2.2 -4.2
1462.3 -142.6 -162.9 28.5 65.6 33.7
24.3 56.1 10026.9
456 -33.8 -31.9 -24.5 -36.2 -37.4
804.6 37.9 -168.2 -85.5 -73.5 -66.7
1502.8 -148.6 -145.5 -14 40.9 45.6
25.4 48.9 10034.5
495 -10.4 13.9 -25.1 -48 -47.1
890.7 202.1 -39.9 -2.2 -27.7 -60.3
1584.3 -103 -103.3 -88.7 -37.5 14.7
18.1 41.6 10030.6
522.4 -27.9 28.8 6.7 -57.4 -20.8
966.3 174 103.9 -40 104.9 -91.8
1648.8 -184.3 -35.4 -110.8 -27.9 6.1
12.9 113.3 10039
526.2 -44 19.3 24.9 -51.7 -17.5
996.9 59.5 105.8 30.8 68.2 6.4
1635.5 -247.5 -51.2 -59.1 10.8 66.6
7.9 147.9 10043.1
530.2 -66 -4.6 38.5 -38.4 -16.9
989.6 -159.8 17.6 3.5 -13.3 39.5
1666.3 -259.1 -65 -16.8 -5.7 57.2
11.3 159.5 10051.2
545.3 -73.7 -34.8 43.6 -29.8 -30.4
1052.2 -211.3 16.1 60.9 -54.6 19.1
1683.7 -252.4 -73.4 0 4.4 48.3
18.7 152.4 10063.4
569 -62.5 -55.7 43 -22.9 -48.1
1118.1 -301.4 13.1 93.3 -99.6 19
1691.9 -249.7 -69 21.5 30.8 65.9
34.9 156.5 88.5
578.2 -67.1 -83.6 22.9 -25.9 -46.5
1220.4 -293.3 22.1 134.9 -71.1 -44.3
1747.9 -152.9 -3.1 66 47.2 51.3
22.1 137.4 18.4
593.7 -29.1 -64 22.7 -37.7 -53.4
1256.6 -112.5 38.5 219.3 -111.6 -126.8
1812.3 -39.6 64.3 87.8 29.8 13.9
37.4 143.1 19.6
603.2 -21.6 -73.5 20 -33.4 -58.2
1327.7 -145.9 -41.2 237.4 -56.8 -85
1818 -41.3 48.1 85.2 42.8 16.8
39.7 97.7 29.4
621.9 -5.2 -109.2 -4.8 -6.1 -29.4
1264.8 45.2 -204.9 172.6 117 -148.5
1831.4 -33.3 19.7 65.2 66.8 43.6
38.6 176.6 35.9
628.4 -2.4 -117.4 -13.5 7.7 -10.5
1341.2 -51.5 -157.1 137.2 73.9 21.1
1842.8 -28.3 3.2 48.3 74 64.3
32.4 154.2 47.6
634.3 0.9 -125.3 -24.8 10 5.8
1398.8 -105.8 -145.1 95.3 74.8 92
1849.5 -21.1 0 24.9 66.6 91.5
26.8 124.8 27.6
640.8 0.8 -130.7 -36.4 8.9 17
1483.9 -207.2 -89.9 17.9 80.7 130.2
1847.2 -23.3 1.7 38.4 67.7 71.8
25.6 83.1 27.1
640.9 -12.4 -139.1 -39.2 7.6 17.4
1547.4 -298 -83.8 51.7 71.6 91.6
1854.1 -25.8 4.5 40.8 71 80
23.5 46.4 31.4
645.5 -15.6 -141 -37 8.2 19.6
1594.8 -341.5 -92.7 49.7 62.8 69.6
1867.3 -38.3 4.5 32.8 68.3 99.4
21.1 52.6 31.8
643.5 -18.7 -147.7 -40.4 4.6 22
1602.7 -339 -109.3 51.5 50.3 78.7
1880.4 -45.3 -1.2 31.6 62.3 119.5
21.1 79 76.4
617.3 -38.2 -147.7 -45.1 2.2 19
1504.6 -279.5 -97.8 18.3 118.3 60.1
1837 -58 -58.2 -21.8 35 69.8
winner is: 18
