Regression analysis information for: common_voice_sw_38021900-04-012_0014
number of formants: 3
number of coeccicients: 5
6.2 3.7 10002.9
298 -37.6 6.5 5.1 9.4 -0.2
741.7 40.6 5.3 34.1 -15.1 9.4
1437.9 85.6 -0.4 -11.7 4.5 4.6
8 5.9 10003.7
301.2 -38.5 7.8 8.4 8.4 0
744.1 47.6 10.2 37.5 -15.3 9.4
1447.5 89.7 -7.2 -6.4 10.2 4.9
10.6 6.5 10002.8
303.3 -55.3 38.6 0 3.5 -6.3
732.7 72.9 9.9 52.6 -27.5 18.8
1465.7 84 -2 -1.9 14.1 2.2
70.5 125.9 121.3
433.7 -104.1 -106.1 -16.3 168.9 -25.2
1038.9 -99 -219.8 -7.5 302.2 -37.6
1692.9 44.1 -307.4 20.8 219.6 30.6
50.7 62.2 70
528.4 -187.7 -138.3 31.9 55.2 84
1240.8 -261.1 -238.1 21.7 88.9 153.8
1837.3 -5.5 -394.5 15.3 60.4 132.8
22.8 94.4 126.2
623.5 -32.5 -77.6 -24.3 -63.5 -33.9
1381 -82.8 -182.5 -138.2 -147.2 -105.8
2008.3 335.1 -277 -139.7 -146.4 -108.3
27.9 69.1 59.1
619.7 -15.7 -79.1 -2.1 -63.4 -13.6
1434.8 109.2 -65.1 41.3 -57.7 43.3
2134.8 404.1 32.7 -81.5 29.5 -29.1
30.1 90.2 75.3
615.9 -2.7 -87.5 11.4 -68.9 -2.2
1405.3 157.8 -116.3 90.4 -99.7 86.9
2119.2 425.4 -3 -22.2 -10.2 -6.2
18.7 88.5 74.7
625.5 -17.6 -72.3 -2.6 -54.3 -14.9
1406.6 157.7 -115.9 89.3 -95.8 87.8
2128.1 406.4 -18.9 -5.5 -4 0.4
20.8 87.7 80.8
619.3 -29.4 -86.9 -13.2 -62.8 -22.1
1411.3 154.4 -115.5 82.7 -92 83.5
2153.9 380.5 -29.1 -5.8 -2.3 8.3
36.2 91.7 85.9
615.9 -6.7 -96.6 7.8 -78.5 -6.4
1420 163.4 -126.3 90 -99 89.3
2199.6 367.7 -66.6 9.4 -2.9 16.1
29.6 92.7 186.7
586.8 -42.9 -97.8 -49.3 -45.6 -52.7
1413.4 134.1 -93.7 -83.4 77.6 -138.5
2399.2 183.9 -105.6 15.4 66.1 -201.9
16.7 89.6 142.3
565.4 -64.8 -76.3 -35.4 -57.7 -54.8
1378.8 191.3 -122 -114.1 115.9 -155.1
2363.2 340.7 -249.5 -57.7 220.3 -258.5
26 73.3 156.7
541.9 -69.9 -53.1 -44.4 -46.8 -31.1
1298.8 226.8 81.3 -297.8 92.5 58.7
2093.1 376.5 345 -345.2 -61.3 1.1
36.9 95.7 302.6
544.3 -77.1 -68.4 -29.3 -38.3 -51.5
1419.6 134.9 -89.8 -80 77.6 -121.8
2343 188.7 16.4 32.2 -120 -227.8
12.5 8.2 105.2
557.6 -108.8 -71.5 7.1 -55.5 -21.2
1491.6 25.9 -63.4 -17.9 -28 -6.3
2591.8 -58.4 17.5 78.3 -228.2 135.9
6.7 8.6 81.7
547 -112.6 -82.6 28.9 -42.3 -6.9
1491.7 21.6 -62.1 -5.8 -11 5.9
2694.3 -130.5 -39.6 71.5 -132.8 147.6
6.2 5.5 69
536.2 -113.4 -80.2 33 -34.5 -1.3
1482.9 11.5 -56.4 17.7 9.9 15.6
2696.7 -125.2 -90.7 143.3 -153.8 142.5
10 5.4 93.7
526.2 -109.8 -78 23.7 -37.4 1.9
1476.2 10.5 -56.3 18.5 5.8 14.7
2657 -36.2 -205.9 264.6 -212.1 166.8
31.8 72.9 111.6
530.4 -81.3 -54.4 43.7 -8.1 28.7
1511.6 90.5 21.2 86.9 77 83.9
2696.8 14.4 -124.2 301 -147.5 229
winner is: 18
