Regression analysis information for: common_voice_sw_38021900-04-002_0015
number of formants: 3
number of coeccicients: 5
22 1.5 10026.8
440.9 117.4 -93.7 -39.6 -44.2 -26.4
754.1 34.3 -17.2 -9.2 3.8 3.2
1567.4 192 35.2 -21 -38.3 7.1
14.5 1.2 10028
423.8 92.2 -92.1 -13 -13.2 -10.5
755.7 35.5 -18 -11 2.3 1.8
1561.4 175.1 24.8 -23.2 -38.5 15.5
13.6 1.5 10025.5
424.9 97.2 -96.1 -12.4 -8.4 -9.5
755.5 36.2 -18.6 -11.5 2.8 1.7
1570 178.2 32 -15.2 -29 16.1
81.2 137.6 10081.2
500 -4.1 -18.2 -92 41.6 -47.5
866 -158.9 94.3 -20.8 -41.6 43.1
1662.3 88.3 85.4 -42.9 -37 36.7
39.4 44.7 10039.3
571.6 -96.6 -4.3 -31.6 -70.2 43
983 -346.7 142.6 54.3 -132.2 82.7
1661.7 176.3 49.3 13 -64.4 33.8
33.8 121.1 24.4
635.3 -101.8 -117.6 -34.8 -1.8 28.9
1178.4 -299.7 -83.1 67.9 75 -8.4
1754.3 221.3 -50.2 29.8 4.7 -9.5
49.3 251.6 54.9
685.2 -12.1 -54.1 -8.3 -19.8 -17.3
1346.5 -54.9 86.2 116.3 -79 -174.8
1791 235.5 -2.4 36.7 5.8 15.8
82 200.4 141.8
669.7 19 -115.4 -7.6 -94.9 0.4
1391.7 14.7 -78.2 64.4 -251.5 -115.6
1949.8 -41.5 82.4 44.8 -127.7 88.7
70.1 160 133.6
691.6 42.4 -51.4 -36.1 -28.6 2.7
1532.5 196.9 10 -60.2 -162.7 -35.4
2037.7 -117.3 206.1 -25.2 -88.7 157
93.8 199.5 140
675.3 60 -43.8 -63.7 -11.5 7.7
1529.5 245.7 15.6 -87.7 -114.3 -30.6
2055.1 -47.7 290 19.8 -39.6 134.3
4.7 70.3 78.1
727.2 39 -12.6 -1.7 -6.2 9.9
1639.8 236.6 136.9 35.1 -138.7 -45.6
2163.7 -109 359 86.6 -63.1 63
6.5 98.4 61.3
723.9 41.6 -13.4 1.5 -10.2 11.9
1594 250.1 221.8 24.7 -202.6 -38.1
2211 -53.2 343.7 38.6 -139.4 13.4
5 67.6 97.7
723.9 37.2 -8.1 0.8 -8.2 8.2
1519.2 204.2 317.5 117.1 -181.2 -98.7
2221.9 -34.1 344.5 21.8 -179.9 -7.1
4.4 57.8 78.7
723.8 36.4 -8.7 1.9 -6.5 8.4
1485.4 125.8 303.7 224.8 -62.1 -55.6
2183.9 -97.7 350.5 103.6 -88.6 15.9
6.6 46.3 102.4
722.9 41.2 -13.7 2.7 -7.9 12.6
1522.7 199.1 287 108.7 -118.6 -49.9
2184.6 -87.8 373 55.2 -112.7 25.8
7.2 90.3 114.6
722.6 44.6 -20 2.8 -5.2 15.4
1533.2 160.9 218.5 123.7 -18.3 9.6
2168.1 -123.5 406.7 66.8 -60 94.4
17 12.5 88.1
713 69.2 -45.5 19.8 -18.9 28.8
1741.5 259.4 -31.3 18.4 0.8 0.3
2402.3 -61.6 167.2 -47.1 -77.9 69.7
14.3 11.9 44.1
712.8 75.1 -52.9 20.6 -18.6 27.1
1736.8 256.1 -27.2 23.7 -3 5.2
2443.5 -119.1 141 29.5 -80.5 15
15 10.9 40.9
705.7 86.3 -62.5 28.4 -22.3 26.9
1736.1 271.7 -28.5 27.6 -1.9 11.4
2468.4 -122.4 123.9 34.8 -77.3 20.2
14.7 11 46.2
702.7 88.3 -62.7 27.7 -20.5 25
1738.9 278.7 -29.6 30.3 0.7 10.4
2497.2 -132.1 106.7 59 -89.6 19.5
winner is: 19
