Regression analysis information for: common_voice_sw_38021900-04-012_0010
number of formants: 3
number of coeccicients: 5
28.5 49.3 10041.4
487.6 36.7 -10.5 72.9 38.2 13.4
769 189.5 119.2 128.7 82.7 96.8
1458.7 6.1 122.4 18.6 33.5 87.4
29.7 64 10069.1
508 30 -31.5 88.4 34.5 -3.3
790.8 204.8 131 159.9 94.8 93.9
1598.2 -78.3 45.7 131.5 -25.7 7.9
24.6 83.8 10065.5
523.4 26.8 -50.2 71.2 25.9 -8.4
769 143.6 80.6 134.6 74.7 88.1
1702.7 -113.6 15.1 6.9 -89.4 1.5
12.7 51.7 10030.6
564.3 62.4 -44.2 57.8 24.3 -28.8
837.3 285.5 202.3 164.6 64.2 46.4
1748.3 -101.6 -1.2 -20.7 -59.3 -11.7
18.2 71.2 10021.9
576.5 65.3 -58.7 42.4 27.5 -16.3
843.1 234.5 116.8 123.9 72.6 -2.4
1770.1 -122.1 -41.5 -26.7 -32.5 -29.2
19 71.9 10025.8
579.6 68.2 -60.3 38.9 28.6 -10.2
872.4 280.2 128.8 170 120.1 24.6
1770.5 -124.9 -48.5 -31.7 -36 -28.6
21 77.2 10021.3
582.7 61 -61.4 45.2 27.6 -4.8
871.6 277.9 128 183.2 136.5 33.7
1782.4 -116.6 -36.3 -15.2 -26.3 -17.8
21.1 62.3 10010.6
591.2 54.4 -62 45.5 19.5 5
847.9 278.8 169.7 178.4 99.7 29.5
1806.1 -91.8 3.7 15.1 -4.3 12.7
17 61.5 10011.1
600 53.4 -65 42.8 5.4 16.5
833.7 261.4 163.3 187.1 111.1 37.1
1816.5 -103.5 14.4 12.9 -5.1 14.8
9.7 112.4 10024.9
610.9 49.9 -60.8 27.3 -3.9 14.9
856.4 188.5 219.9 130.1 187.8 -19.5
1834.6 -135 42.3 -14.1 11.8 -1.6
6.1 151.9 10029.1
616.7 49.2 -61 22.5 -8.7 15.7
884 122.4 268.1 70.5 266.3 -76.8
1854.7 -162.9 60.7 -32.6 22.9 -9
49.6 150.5 10017.6
585.1 32.1 -75.1 25 53.2 37.8
944.1 4.6 376.7 -24.5 354.9 -136.2
1873.3 -192.4 81 -48.1 30.8 -5.9
46.4 183.6 168
587.8 26.5 -24 49.8 -13.2 1.4
1261 -351.3 612.3 45 -77.9 113.1
2025.3 -229.3 148.8 -25 -216.4 -13.3
38.2 283.7 305.9
598.7 38 -39.7 32.7 1.3 12
1382.6 -271.3 443.2 -85.9 -0.5 183
2147.3 -127.3 -48.6 -169.8 -117.7 65.3
77.8 268.2 282.2
576.1 47.4 6.8 16 -29.9 24.2
1579.8 -264 249.9 -161.6 -96.4 178.3
2353.4 -72.1 -256.6 -280.4 -220.9 34.1
7.3 33.6 82
628 51 -64.4 21.2 -13.4 9.9
1790.7 -234.1 -10.5 -58.7 -60.7 17.3
2548.4 -14 -471.9 -260.5 -210.9 -72.6
6.7 24.6 76.8
629.7 55 -63.9 23.8 -13.2 9.9
1816 -257.2 38.9 -80.2 -36.6 -2.7
2525.4 -17.2 -468.3 -242.3 -226 -33.2
5.7 23 83.5
629.9 57.4 -62.4 27.3 -11.3 12.2
1825.8 -248.9 45.6 -78 -31.5 -1.7
2547.4 -14.9 -460.1 -254.5 -220.1 -50.4
4.1 18.6 95.7
628 59.5 -57.3 30.7 -7.5 16.9
1840.3 -234.2 43.5 -65.1 -25.3 0.8
2596.7 -15 -473.4 -249.3 -211.2 -79.5
3.4 16.7 98.3
626.9 62.5 -52.9 34.6 -4 20.9
1854.3 -224.4 53.4 -53.1 -17.1 9.9
2621.5 -35.6 -477.8 -244.4 -217.4 -81.7
winner is: 17
