Regression analysis information for: common_voice_sw_38021900-04-012_0016
number of formants: 3
number of coeccicients: 5
9.7 6.8 10051.3
303.3 7.5 -14.1 -12.7 -20.3 -19.9
582.1 -19.8 -2.1 20.8 0.1 -0.6
1863.4 180.3 59.9 -61.8 -65.3 -17
7.1 7.4 10059.1
298.3 2.3 -14.1 -12.4 -16.5 -13.2
580.1 -20.6 -0.5 20.1 2.3 0.9
1901.3 213.1 43.3 -94.6 -71.5 -13.6
3.8 6.7 10062.9
296.5 0.1 -13 -9.4 -10.9 -10
580.3 -21 1.3 19.7 4.9 1.8
1918.4 212.6 27.5 -121.8 -62.7 4.8
3 6.6 10053.1
298.1 0.7 -11.1 -8.5 -9.7 -9.9
581.6 -24 2.7 18.3 5 2.6
1944.3 212.2 33.5 -128.5 -55.9 0.5
3 7 10046.5
300.2 0.1 -10 -9.9 -10 -9.5
583.1 -26.6 5 18 6.1 3.4
1972.3 217.2 42.9 -141.4 -46.3 29.9
4.2 8.5 10035
304.3 -0.2 -8.7 -10.7 -10.4 -10.1
582.7 -30 4.3 18.1 7.1 4.7
2001.1 211.5 26.7 -144.9 -31.7 37.1
6.4 12.7 10029.1
311.3 -2.3 -5.7 -10.4 -10.3 -10.7
578 -32.7 -0.3 18.8 8.3 6.1
2041.4 203.3 4.8 -134.9 -13.5 37.9
8.4 19.9 28.9
321.9 -11.3 -0.4 -6.4 -7.7 -7.9
561.8 -26.7 -14.8 15.9 4.6 4.7
2088.4 189.7 -23.8 -110.1 8.4 24.7
20.1 26.9 44.4
330.1 -50.8 -10.3 1.8 -16 9.5
512.2 30.8 -48.4 13.5 9 0.4
2150.3 168 -60.7 -48.9 36.8 -1
45.4 413.9 112.2
351.8 -26.3 26.3 17.5 -11.4 3.3
1168.8 -553.3 488.1 56 -62 -77.9
2465.2 -79.6 58.9 86.7 4 -21.9
30 185.9 61
390.7 -34.6 17.1 95.6 9.4 -35.2
1425 -113.4 797.8 414.2 214.6 40.7
2452.8 104.3 28.4 143.4 12.9 46.6
36.9 220.7 71.6
445.4 20 -17.4 14.7 -44.9 -36.8
1819 288.5 351.2 -223.6 -192.9 -44.1
2569.3 197.6 -101.7 -71.3 -101.6 8.5
54.7 268.9 88.4
427.8 26.9 15.4 -8.7 -80.6 -2.4
1854 289.6 369.6 -255.2 -259.1 49.8
2600.3 169.1 -107.5 -94.2 -108.6 10
51.1 233.6 97.6
403.1 44 51.3 -36.2 -97.9 28.3
1840.8 313.9 592.6 -391.2 -351.6 363.7
2653.8 92.7 -12.5 -155.1 -124.1 54.7
21.2 265 141.6
447.3 45.3 -46.1 -26.4 -13.8 15.7
2124.7 303.4 161.7 -322.5 76.8 355.3
2795 62.3 -61.7 -103.2 52.5 42.3
32.1 261.3 161.8
439.5 54.1 -51.2 -39.7 4.4 9.8
2188.2 295.3 86.5 -245.2 162.8 222.9
2778.5 18 63.5 -13.8 -31.4 -51.5
2.9 65.3 129.4
453.9 33.6 -76.2 -6.9 -9.8 -12.1
2341.9 137.1 -41.7 72.7 -7.2 37.1
2864.1 -16.3 65 64.6 -67 -60.6
4.1 62.3 77.4
456.1 29.4 -76.5 -5.5 -11.4 -11.9
2349.2 149.1 -68 66.4 21.4 24.6
2835.1 93 69.9 -7.8 -31.9 5.5
5.4 47.6 66.6
454.8 26.3 -78.7 -6 -12 -11.3
2370.7 156.8 -110.6 68 66.9 4.4
2879.2 80.5 30.4 -11 -15.9 21.6
7.1 34.7 47.4
449.4 27.1 -82.6 -6.5 -9.4 -12.1
2391.9 143.4 -111 68.1 64.6 20.2
2958.5 21.5 -28.3 22.4 25.1 -15.9
winner is: 8
