Regression analysis information for: common_voice_sw_38021900-04-006_0008
number of formants: 3
number of coeccicients: 5
8.3 5 10013.5
313.8 -29.3 -3 9.8 -15.2 9.4
634.6 37.3 -21.5 -1.8 1.9 2.6
1599.1 30 -37.9 19.1 -18.3 12.2
7.2 4.2 10004.3
320.4 -31.8 -0.6 1.7 -8.4 4
636.5 38.5 -26.6 -3 0.1 1.3
1606.8 15.8 -23.2 7.1 -5.3 1.1
8.7 5 10002.2
320.3 -36.2 0.3 2.8 -9.6 1.8
633.8 42 -27.7 0.7 -0.6 2.3
1607.5 10.8 -21.5 1 -1.2 -4.6
25.3 7.7 10002.4
321 -33.7 -1 10 -19.3 10.6
628 55.2 -38.1 12.5 -11.2 11.1
1609.2 11.4 -18.5 2.6 -1.8 -4.7
10.1 46.8 10002.7
336.6 -58.2 21.8 -11.9 0.2 -12.2
645.9 16.6 -2.2 -27.7 27.5 -28.5
1613.1 14.1 -16 3.9 -2.2 -4.2
15.1 51.1 10003
337.2 -53.1 12.7 -1.8 -8.8 -5.1
643.6 10.6 -0.7 -35.2 33.4 -32.9
1616.7 17.1 -14.8 5.4 -1.7 -3.3
6.3 50.8 10002.4
352.2 -84.4 18.8 -6 -9.3 -9.5
624.3 13.9 -6.7 -51.3 37.8 -42.2
1621.9 18.5 -13.5 8.1 -1.5 -0.3
34.3 121.1 10069.1
408.4 -25.4 94.1 81.6 41 28
757.7 305.1 310 114.5 253.7 36.9
1764.3 287.1 228.3 207.2 148.2 92
64.2 241.9 10320.9
338.4 26.8 179.6 39.7 44.3 23.9
934.2 -40.5 457.9 39.1 2.3 74.2
1888.9 -108.3 252.9 65.3 -157.4 85.6
5.7 23.4 118.1
543 62.8 -21.9 -26.1 0.1 -1.3
1607.7 40.5 -45.3 32.1 -24.2 30.5
2304.4 62.8 -538.2 -44.7 -142.2 1.1
3.7 2.4 80.1
541.3 59 -21.4 -21.6 -2.8 -2.9
1618.3 17.8 -16.5 2.1 -5.1 -0.7
2281.8 177.1 -329.7 -76.5 -153.8 -2.9
3.5 2.6 56.5
541.5 56.5 -20.4 -19.8 -1.9 -3
1610.5 15.3 -16.5 -1.2 -5.7 -3.4
2318.3 160.7 -245.8 -0.2 -93 -39.8
3.4 2.7 19.3
542.6 55.2 -20 -18.5 -1.2 -3
1605 13.9 -15.7 -0.6 -5.1 -4.1
2401.9 178.5 -211.6 15.6 -55.7 -46.5
4.9 2.1 26.3
542.7 56.1 -18.6 -19.6 2.7 -2.1
1609.3 14.1 -14.5 4.3 -1.2 -1.6
2567.7 183.9 -181.5 41.7 -21.7 -35.6
3.6 1.8 30.6
542 57.8 -20.4 -18.9 -0.4 -3.1
1613.8 14.4 -13.5 7.6 0.5 1.5
2621 93.5 -123.8 32.7 -31.5 -31
3.9 1.9 38.5
540.2 60.2 -21.1 -20.1 -1 -3.1
1624.5 23.4 -8.8 10.3 1.4 3.5
2692.2 -35.4 -27.4 -21.5 -8.1 -36.7
4.4 1.7 12.1
537.4 62.4 -21.6 -21.5 -0.7 -3.1
1628.3 22.5 -8.5 11.9 1.3 4.6
2727.9 -89.5 6.7 -20 -36 16.3
4.6 1.9 8.3
534 65.2 -21 -23.5 -0.4 -2.7
1630.6 20.2 -9.7 12.7 0.4 5.2
2728.1 -86.7 4.2 -18.8 -35.2 16
6.6 2.3 7.1
532.3 66.8 -16.4 -27.1 3.9 -1.8
1631.1 20.1 -11.8 13.3 -0.3 4.3
2725.7 -92.1 -3.8 -18.9 -37.2 11.9
6.6 2.5 6.8
530.9 68.8 -14.4 -28.5 4.5 -0.6
1632.1 19.2 -13.2 13.3 -1 4.1
2724.8 -93.3 -6.1 -19.3 -37.3 10.9
winner is: 18
