Regression analysis information for: common_voice_sw_38021900-04-002_0013
number of formants: 3
number of coeccicients: 5
34.6 26.6 10078.1
399 38.3 182.3 96.2 57.3 72.6
638.9 126.6 181.6 41.9 43.6 -14.7
1615.4 -77 435.3 70.2 162.9 159.7
29.3 34.5 10103.4
400.7 45.3 185.4 98.5 62.5 73.4
657.3 173.4 202.6 52.2 40.7 -30.7
1700.3 -17.8 467.7 76.5 151 146.9
26.5 39.6 10136.1
403.5 55.7 187.4 102.7 64.3 71.7
674 218.3 206.9 42 12.3 -63.4
1795.6 61.3 466.1 7.4 135.1 120.4
27.8 35.5 10125.4
393.4 36.8 164.4 90.6 53.1 61.9
649.1 179.9 158.2 3.9 -15.5 -75.7
1886.1 -3.3 300.5 -71.5 189.8 278.1
20.3 32.4 120
386.9 11.6 143.3 80.3 37.2 57.8
657.6 194.4 165.3 2.4 -18.4 -77.8
2193.3 -4.3 -11.9 -84.1 -50.5 206.4
36.3 41.2 58.9
406.7 14.5 149 110.1 33.3 56.7
671.9 196.5 160.4 4 -43 -98.5
2325.2 63.5 -48.9 18.8 -57.9 28.2
37 46.4 44
425.1 49.3 178.9 131.4 47.3 60.5
666 182.8 152.8 -12.8 -46.7 -100.8
2348.2 56.4 -64 30.2 -32.5 4.3
35.9 71.8 43.4
417 64.8 193.8 105.4 50 60.6
710.2 283.7 249.6 56.2 17.5 -67.3
2351.3 52.4 -47.2 22.1 -35.3 19.1
31.4 67.8 27.4
414.2 58.1 196.6 109.5 65.4 84.6
792 442.5 410.8 209.1 167.2 70.3
2375.3 37.8 -71.8 35.3 -8.1 9.3
30.9 77.9 8.4
418.2 62 205.5 108.6 61.8 85.3
811.8 480.1 444.5 234.1 184.6 83.4
2407.9 25 -111 42.4 24.2 -6.6
39.3 109.1 22
409.5 59.2 216.8 89.2 57.4 98.8
757.8 389.2 365 179.6 148 67.8
2434.9 31.9 -105.4 42 43.6 12.3
52.5 291.8 55.2
437.8 48.7 177.3 118.7 75 44.2
850.9 180.9 -19.5 342.5 160 -340.5
2471.2 -6.9 -168.4 58.5 49.7 -50.1
64.4 497.7 105.1
431.9 70.2 162 112.7 103.1 -13.1
1075.2 303.1 -210.2 369.4 101.6 -465.5
2550.2 -7 -219.6 73 48.9 -104
43.8 199.5 59.6
507.6 97.6 101.9 160.1 73.4 54.8
2372.2 126.4 -301.7 127.7 -132.2 149
2818.2 -54 -269.7 156.3 30.5 -75.4
30.7 14.7 59.5
530.4 82 138.8 132.4 89.9 19.1
2463.6 -35.7 -118.1 -0.9 57.1 35.7
2789.9 36.7 -299.9 146.8 136 -109.9
31.3 20.1 111.1
525.8 73.6 135.7 133.2 95.3 25.8
2455.7 -1.9 -138.2 10.8 39.5 18.9
2715.9 112.4 -225.8 30.4 174.1 -38.7
25.7 19 75.8
514.2 53.4 123.7 130.8 101.7 38.1
2480.5 -10.5 -127.6 -14.8 25.5 30.1
2761.6 61.3 -265.5 117.6 141.8 -109.3
24.8 25.4 50.4
508.4 44 117.8 129.9 104.1 42.7
2491.6 -14.4 -118.4 -34.7 18.5 22.8
2816.8 2.4 -282.3 155.1 94.9 -88.3
24.3 31.3 46.9
506.1 41.2 116.1 130.7 105.2 43.9
2494.4 -19.3 -116.8 -42.1 16.9 22.5
2892.1 -71.4 -290.3 160.8 54.3 -29.9
23.4 28.6 62
504.9 42.3 116.6 133.4 105.1 43.2
2491.8 -26.5 -118.7 -39.5 21.9 30.6
3001.6 -199.6 -263.7 163.5 -17.2 68.2
winner is: 18
