Regression analysis information for: common_voice_sw_38021900-04-008_0006
number of formants: 3
number of coeccicients: 5
18.7 27.5 10059.5
480.8 -9.6 -14.1 -16.3 -22.8 -20.6
747.4 -91.6 0.2 -35.4 13.6 -12.2
1828.2 94.6 258.5 -30.6 -70.6 -51.9
19.1 35 10038.8
482.2 -9 -15.2 -15 -21.7 -20.4
740.6 -111.2 -22.5 -31.2 23.9 2.8
1923.1 108.5 129.8 -42.8 -54.2 -62.2
15.8 34 21.3
469 -37.9 -42.2 -32.1 -33.3 -24.6
746.5 -132.9 -36.7 -29.4 30.4 11.2
2064.3 95.1 -50.2 -39.1 -5.8 -16
13.3 23.8 15.3
467.6 -44.7 -48.1 -34.5 -34.1 -22.8
748.4 -122.1 -61.4 -14.8 10.2 29.1
2088.6 82.6 -57.4 -30.7 -24.1 -5.7
14.5 24.4 12.1
470.4 -44.6 -48.4 -33.5 -35.2 -23.1
761.5 -131.4 -65.3 -13.1 3 36.2
2099.2 61.2 -60.3 -16.2 -29.1 0.9
15.5 25.5 11.6
472.8 -43.5 -46.9 -32.1 -35.7 -23.2
769.8 -143.2 -63.9 -14.9 -1.4 39.2
2106.3 54.9 -56.2 -8.5 -30.2 5.2
11.8 27.9 11.9
471.7 -51.3 -52.8 -33.5 -34.6 -19.3
785.2 -158.4 -66.8 -22.3 -6.3 40.5
2121.5 51.5 -59.9 -0.5 -27.1 8
29.9 227.1 42.8
484.7 -33.2 -39.1 -22.1 -29.9 -21.5
979.7 158.6 174.9 106.4 -8.4 -67.7
2163.9 98.2 -33.1 21.2 -29.5 -11.7
26.6 205.2 35.1
496.7 -19.1 -27.9 -9.3 -19.5 -15.4
1054.2 239.3 246.7 151.8 14.7 -54.4
2176.2 84 -45.9 36.7 -5.7 13.7
26.6 257.4 56.8
500.7 -19.4 -30.9 -6 -17.9 -15.3
1137.1 240.4 303.5 96.9 -8.3 -152
2201.3 35.4 -38.3 10.2 29.5 -13.8
18.5 214.4 52.7
510.1 -10.5 -20.8 8.1 -3.1 -2
1213.5 294.4 372.6 141 23.7 -107.4
2217.3 30.7 -52.6 14.1 23.3 -11.1
15.6 220.8 92
516.5 -5.8 -23.7 5 -11 -8.9
1331.7 292.6 450.6 20.2 -69.1 -230.6
2281.1 14 -13.4 -46 26.2 -96.6
16.7 249.7 89.5
516.8 -9.9 -24.1 11 -5.1 -5.8
2053.5 -182.1 -135.8 198.9 101.1 -55.5
2383.2 -40.2 -47.5 -38.4 19.7 -97.2
14.8 93.2 61.3
521 -7.8 -26.5 7 -10.4 -8.3
2122.9 -8.5 -181 -82.8 -84.9 -43.5
2396 10.8 5.1 -53.9 -46.5 -95
15.4 205.7 72
520.5 -8.4 -27.6 7.3 -10.9 -8.8
2061.1 -71.7 -110.6 49.7 -39.2 -126.9
2455.5 43.3 -9 -102.7 -47.1 -62.6
25.3 245.3 95.1
514.4 -6.4 -5.9 33 -2.4 -18
2030.2 -91.4 38.8 304.5 120.6 -109.9
2459.1 30.3 27.6 -33.1 17.5 -52.1
6.2 198.5 79.8
522.2 0.2 -18.6 15.2 -3 -1.4
1997.2 -126.8 108.6 378.9 50.9 -211.9
2459.3 37.4 90.2 6 17 -83.8
3.9 172.8 83.9
522.8 1.8 -15.2 16 -0.2 1.4
2062.2 -107.4 40.7 322.2 46.2 -176
2472.4 46.1 66.1 -4.9 5.8 -87.5
5.4 15.3 50.3
518.7 -0.4 -19.7 11.5 -4.7 -0.3
2220.1 11.5 -136.3 53.6 -20.9 11.7
2591.6 131.7 -18.6 -88.4 51.9 -29.7
5.2 49.2 59.4
518 3 -17.1 11.3 -3.5 1.6
2106.8 107.1 -17.7 -87.7 -24.1 93.5
2498.8 193.1 -12.4 -128.6 2 -23.4
winner is: 5
