Regression analysis information for: common_voice_sw_38021900-04-012_0015
number of formants: 3
number of coeccicients: 5
8.3 44.2 10011.6
380.5 -93.4 -45.9 -6.8 1.7 -5.1
649.2 -115.8 -83.9 79.9 96.7 1.5
966.9 -162 34.7 15.3 11.8 12
16.2 45.3 10013.5
370.6 -99.4 -30.1 10.5 -1.4 -21.8
556.8 -38.1 -42.4 100.5 20.1 18.3
950.6 -151.1 56 5.7 6.9 20.3
11.4 25.4 10152.6
394.1 -78.4 -56 -27.4 -2.2 7.8
635.8 41.4 -185.6 -22.3 88 59
1095 -19.8 -108.4 -272.3 -76.1 156.7
12.6 72 10154.6
397.5 -67.7 -49.8 -32.6 -11.6 0.7
572.7 73.1 -53.6 -78.6 -26.9 79.3
1157.1 35.3 -176.3 -366.1 -99.4 166.9
18.9 73.8 10124.3
402 -56.1 -36.6 -28 -19.9 -11.3
566.6 75.3 -28.2 -67.5 -68.3 30.2
1135.5 51.4 -96.4 -348.5 -234.6 0.8
9.8 50.9 10159.8
422.4 -27.4 -25.8 -24.4 -18.9 -14
622.1 155.4 -19 -63.4 -68 20
1372 425.5 93.2 -243.1 -138.6 21.7
29.5 43.2 10104.5
403.9 12.7 -58 17.2 -53.7 16.2
631.9 180.6 3.7 -36.5 -52.5 42.2
1432.6 539.9 190.1 -159 -41.3 132.1
33.9 97.6 10224.8
409.9 -11.7 -7.4 -22.5 -36.1 0.1
717.8 67.7 68.5 -167.3 105.8 -20.3
1661.2 295.3 213 -445.3 356 0.2
20 62.7 10154.8
421.9 -13.4 -29.8 -12.9 -10.2 -21.2
792.6 3.8 -2.8 -109.1 170.7 -114.7
1912.8 88.7 -87.7 -212.1 497 -350.2
27.1 62.7 145.2
414.6 -10.1 -35.6 -16.6 -8.2 -27.6
788.7 1.6 0.1 -107.5 175.7 -116.5
1966.4 152.4 -106.5 -244.4 497.6 -337.5
9.2 22.9 119.9
425.4 -34.5 -26.3 -16.6 -17.2 -13.6
898.7 -173.7 41.7 -5.9 29.7 10.7
2265.3 -287.5 21 104.2 89.8 -38.2
9.2 22.6 181.6
420.7 -43.7 -33.1 -21.3 -20.7 -14.7
891.6 -182.8 36.7 -5.9 31.7 8.2
2286.4 -225.9 115.9 210.9 87.6 -157.5
8.5 19.6 134.6
419.1 -45.7 -34.4 -23.2 -21.8 -13.9
891.5 -183.8 33.9 -9.6 30.7 9.8
2355 -174.4 16.5 83.3 83.6 -73.6
7.9 17.4 80.3
417.9 -46.1 -34.8 -24.8 -22.5 -13.1
892 -184.9 31.6 -14.9 27.5 12.6
2396.6 -136.6 -9.7 9.1 31 -64.7
6.7 15.3 49.3
415.6 -47.6 -36.8 -27.3 -23.4 -12.5
889.7 -187.2 27.6 -23.2 25.2 17
2364.5 -256.9 -173.4 -168.3 -65.9 -40.7
5.5 13 112.6
413.3 -47.3 -37.7 -27.3 -22.7 -11.7
880.8 -185 26.2 -22.6 28.2 20.4
2311.4 -379.5 -213.3 -155.8 9.4 66.1
5 10.6 60.4
412.9 -45.5 -38.9 -28.1 -23.4 -12.2
876.6 -165.2 14.5 -26.7 23.9 17.5
2385.1 -284.3 -141.1 -163.5 -53.5 -23.3
5.4 9.2 40.5
413 -44.1 -37.5 -26.8 -22.6 -12.4
869.9 -158.6 15.9 -20.4 28.9 13.9
2430.6 -207.2 -74.6 -116.8 -31.9 -12.2
5.1 8.1 33
412.9 -43.5 -36.7 -26.4 -22.4 -12.2
866.7 -157.4 18.2 -19 28.7 12.2
2444.8 -170.4 -53.4 -92.4 -19.6 -4.2
4.6 7.6 65.1
412 -44.8 -36.8 -26.1 -21.6 -11.4
864 -161.3 21.2 -16.5 31.8 13.4
2407.3 -235.9 -75.9 -70.7 53.2 83
winner is: 19
