Regression analysis information for: common_voice_sw_38021900-04-010_0014
number of formants: 3
number of coeccicients: 5
70.5 49.5 29
446.6 -48.3 131.1 69.4 102.8 83.8
956.5 121.7 66.4 95.3 54.7 72.5
1745.4 -63.7 13.1 38.5 29.3 9.1
70 49 15.4
454.9 -0.4 161.2 87.2 127.9 81
969.5 160.8 92.6 120.4 69 79.4
1759.4 -67 48.7 56.8 28.4 12.3
73.4 46.6 16.4
453.4 -1.5 154.8 88 131.4 77.8
970.7 162.8 92.3 120 70.6 76.7
1772.6 -60 35.9 42.5 26.3 16.2
62.5 51.3 17.7
456.2 32.3 171.9 130.8 146.4 82.8
988.3 207.6 117.6 146.5 75.3 75.1
1796 -37 40 23.6 15.9 16.6
58.9 80.5 10023.3
595.1 233.8 218.1 10.6 -66.5 -94.4
1167 465.2 145.4 -36.8 -188.6 -108
1839.4 29.8 42.2 -15.2 -34.5 -29.4
70.4 80.8 10052.1
635 263.7 172 -65.1 -88.1 -21.2
1233.7 519.8 78.8 -132.7 -173.7 8.4
1856.9 29.6 -3.5 -55.1 -25.3 19.1
73.3 89.9 10053.4
666.2 267.5 137.3 -106.7 -56.7 37.4
1263.1 528.6 21 -140.4 -75.3 115.6
1865.1 12.3 -43 -59.4 23.4 69
61.2 76.9 90.1
714.3 266 65.1 -128.5 30.6 67
1333.9 559.5 -88.5 -142.6 42.6 141.8
1901.3 16.9 -88.8 -27.7 96.8 41.9
57.7 72.2 95.5
733.6 257.3 48.3 -128.7 60 56.6
1375 592.5 -126.4 -142.7 63.9 121.4
1939.1 36.8 -116.7 -24.9 121.7 31.4
65.4 76.9 88.6
727.1 268.5 60 -136.9 51.5 69.7
1379.1 600.2 -126.6 -153.4 52 109.5
1987.5 119.1 -71.5 -26.2 86.1 8.2
54 88.1 69.5
753.3 257.9 27.3 -119.6 81 36.1
1398.4 596.4 -167.7 -125 81.4 77.3
2096.9 215 -140.6 -84.6 119 47.8
63.1 92.7 72.2
768.5 253.6 -4.5 -102.5 108.3 2
1437.1 579.4 -244 -59.8 114.2 -7.3
2142 202.2 -203.2 -38.9 134.9 -24.3
53 85.8 69.9
816.7 207.7 -62.7 -10.4 80.8 -72.4
1520.7 494.5 -336.9 105.9 38.4 -102.9
2204.7 117.3 -265 104.2 47.3 -117.1
43 79.7 78.8
853.4 159.5 -70.1 52.3 1.1 -22.4
1609.9 364.4 -325 219.8 -129.2 22.7
2280.5 -5.2 -234.4 202 -117 14.8
26.3 86.4 92.7
873.6 128.2 -52.9 57.4 -22.3 14.9
1681.9 242.5 -248.7 216 -191.4 142.1
2361.3 -106.7 -167.1 182.1 -162.6 154.4
48.7 116.6 109.6
857 166.2 -91 100 -67.5 65
1730 156.7 -174.4 164.8 -167.4 154.5
2384.3 -100.6 -135.7 89.3 -60 111.6
7 10.3 33
894 94.9 -23.7 36.2 -11.5 14.8
1828.3 -33.7 4.5 -8.1 -6.7 5.2
2511.5 -264.3 -18.9 -25.4 50.4 16.3
6.9 8.7 46.1
893.3 92 -26 33.8 -14 12.1
1836.6 -24.5 3.1 -4.8 -6.8 4.4
2575.4 -226.6 -78.8 -47.4 28.3 13.1
7.6 8 45.7
891.3 88.3 -28 32.4 -15.1 10.8
1843.5 -21.7 2.2 -1.2 -8.1 4.9
2639.2 -242.3 -136.3 -71.9 -19 30.4
9.6 54.8 103.7
884.3 80.2 -25.2 36.7 -13.7 8.8
1831.4 -38.6 18.9 43.4 6.7 -25.6
2723.4 -262 -280.1 -144.9 -77.1 -12.7
winner is: 17
