Regression analysis information for: common_voice_sw_38021900-04-006_0002
number of formants: 3
number of coeccicients: 5
3.2 29.4 10015.3
416.1 32.9 -5.7 29.7 11 11.1
744.8 153.8 -116 43.8 6.2 -43
1413.5 88.8 -192.4 -68.1 104.2 51.3
2.3 23.1 10065.1
411.5 33.3 -9 27.1 14.3 10.2
730 174.8 -112.3 16.4 38.5 -57
1407.9 98.3 -211.1 -81.7 180.8 100.6
2.5 16.8 10124.8
408.2 20.5 -7.7 17.2 13.9 8.3
707.8 192.5 -90.1 -12.4 33.2 -25.4
1348.2 51 -250.4 -239.6 204.1 311
2.5 10.8 10122.3
409.2 11.1 -5.4 10.9 11.4 5.1
705.9 206.9 -124.1 16.1 23.8 -28.9
1377.7 90.4 -282.3 -371.1 44.5 251.4
24 103.3 10236.9
398 35.6 -21.6 30.9 7.1 -1.8
761.5 69 -0.2 -60.6 114.8 -177
1326.3 -155 4.3 -126.9 353.1 -81.9
10.8 69.7 10239.9
413.2 20.5 5.7 16.3 21.2 -7.7
859.2 -73.8 113.6 -137.9 111.1 -48.3
1700.4 -101.7 147.6 -73.7 315.9 -160.4
1.1 6.7 20.4
421.6 13.7 8.2 21.6 11.3 4
952 -192.4 100 -15 -27.8 18.5
2058.8 -179.8 -49 -18.6 -28.5 6.6
0.7 4.8 13
423.1 14.5 9.1 21.8 10.4 5.1
949.8 -187.1 99.9 -17.9 -25.8 16.5
2037.4 -146.9 -52.2 -36 7.7 -13.6
1 6.4 12.6
421.2 12.3 8.3 21.3 10.5 5.9
947.4 -185.1 105.7 -21.5 -23.3 18.9
2061.8 -152.7 -47.8 -26 -17.1 -5.1
1.1 12.5 12.9
417 12.5 8 22.4 12.3 6
944.4 -190.5 116.3 -25.2 -22.8 26.1
2093.2 -202.3 -37.1 -8.9 -59.6 12.6
1.8 16.2 21.7
413.3 19.3 5.1 25.9 12.6 6.1
947.9 -200.2 118.7 -22.6 -28.1 33.8
2113.9 -313.4 -12.3 25.6 -79.5 68
2.1 21.5 67.1
411.8 23.4 2 26.6 12.5 6.5
942.1 -187.9 111.7 -22.8 -27.1 38.9
2131.5 -333.3 15.4 -4.1 -81.5 110.8
1.7 26.2 113.8
412.8 24.7 -0.7 27.1 12.5 8.3
915.5 -133.6 76.6 -13.9 -15.6 20.6
2008.2 -5.9 -156.5 18.9 -6.7 -61.3
1.7 26.3 110
417 29.7 -0.8 27.5 13.4 8.2
932.2 -149 79.6 -6.6 -29.5 40.3
2092.1 18.6 -135.2 29.7 -37.9 -63.9
1.6 24 70.5
422.7 35.2 -0.7 27.3 15 9
943.2 -158 81.8 -8.9 -27.1 38.1
2259 -66.4 -37.8 80.4 -147.5 56.7
1.7 17.2 61.5
428.2 42.4 0.3 27.7 18.6 8.5
955.9 -177.3 89.2 -18.4 -18.1 26.6
2278.2 -30.3 -16.9 8.1 -28.6 -62.8
1.5 17.1 22.1
435.1 46.7 0.2 26.6 22.1 9.8
971.7 -202.7 105 -31 -8.5 20.1
2451.2 -200.9 129.2 6 -66.2 22.8
1 13.7 21.9
439.8 45 -2.8 24.7 25 12.1
982.6 -220.6 119.4 -42.5 5.5 8.8
2471.7 -165.8 140.3 22.1 -45.8 32.1
1.7 10.4 21.8
447.9 51.5 -5 28.1 31.1 13.9
988.5 -230.8 113.3 -33.7 1.2 1.3
2506.9 -140 139.3 47.2 -29.7 19.6
2.9 11.3 19.8
462.7 70.8 -0.4 37 43.2 18.6
990.1 -252.1 103.7 -21.2 -15.6 -13.9
2548.9 -113.9 125.9 70.5 -15.8 1.2
winner is: 8
