Regression analysis information for: common_voice_sw_38021900-04-012_0003
number of formants: 3
number of coeccicients: 5
3.2 1 10001
392 -9.8 -0.2 -1.5 4 -0.5
863.5 -2.9 -7.4 -2.5 0.1 0
1195.2 -6.5 0.2 -7.4 -2.1 -3.3
43.7 24.5 10042.8
549 227 119.6 2 -63.5 -62.9
962.3 156 73.9 -7.1 -47 -36.5
1373.4 276.8 155.3 -19.6 -86.1 -68.5
35.4 23.2 10051.7
610 258.1 34.7 -96 -17.5 46.1
992.5 173.6 24.3 -65 -17.2 30.2
1449.9 325.2 42.6 -141.7 -18.3 67.5
25.3 17.4 10069.5
762.3 90.6 -56.9 67.6 -66 38.1
1087 73.9 -49.3 46.5 -42.5 18.1
1739.8 14.9 -139.3 188 -151 73.1
16.2 13.7 10029.9
798.8 23.4 11.5 7.1 -20.3 10.9
1099.8 61.3 -34.8 32.1 -33.1 16.5
1821.4 -152.9 39.3 23.4 -32.8 10.5
5.8 15.8 10016.2
823.4 8.7 15.8 -7 -8 1.3
1101.1 48.3 -23.7 35.6 -36.2 13.6
1886.3 -235.3 73.1 -7 7.1 -33.9
14.8 17.8 10035.5
825.9 16.8 6.4 -1.7 -20.1 10.7
1080.1 38.2 -27.1 46.5 -44.8 5.8
1878.9 -213.7 40.6 30.8 -28.7 1.1
5.4 21.4 10009.3
827.2 -1.1 23.4 -3.6 -13.1 -11
1054.6 -11.9 -29.3 52.8 -31.4 5.4
1892.6 -245.6 66.6 6.2 0.2 -29.2
4.5 16.1 10009.5
814.8 -25.1 33.7 2.9 -22.2 -27.6
1041.6 -25.8 -27 47.6 -29.5 10.9
1896.6 -258.2 66.5 13.5 -6.3 -29.9
3.9 12.8 10011.6
802.6 -48.3 31.8 14.5 -16.7 -19.7
1038.4 -25.8 -22.6 44.4 -26.1 12.4
1905.2 -280.7 70.2 17.5 -5.7 -30.4
4.8 9.6 10011.7
804.3 -42.6 45.5 22.3 -18.5 -10.5
1039.5 -34.4 -3.9 24.5 -15.8 7
1910.3 -285.1 75 21.1 -8.4 -28.2
6.4 11.2 10012.5
821.8 -24.6 52 18.4 -21.5 -1.4
1027.9 -31.8 -3.3 17.5 -10.1 0.8
1923.5 -302 82.7 18.1 -8.9 -29.6
6.3 10.2 10012.5
845 -0.1 52.6 7.1 -28.4 3.2
1018.1 -35 8.9 17.9 6.6 -4.3
1931.1 -310.4 88.7 15.5 -9.8 -29.7
14.2 6.5 10012.5
820.5 40.4 77.6 -30.9 -30.2 11.4
988 30.6 -33.4 54 14.2 -3.3
1907.1 -279.6 100.7 -9.3 -0.8 -20.6
5.4 11.3 10010.7
803.4 105.8 21.9 -20.5 -37.7 17.9
1008.2 35.7 -1.5 61.6 9.1 -9.9
1892.2 -254.9 70.5 6.2 -3.7 -28.5
6 11.8 10009.7
822.5 103.3 7.1 -28.4 -20 21.9
1021.9 57.7 25.1 68.4 -3.9 -21.5
1888.4 -263.8 68.8 18.6 0 -31.2
54.5 22.6 10011.6
803.9 65.6 14.8 48.6 42.5 -1.8
1021.5 64.3 51.8 82.9 -1.2 -15.9
1883 -280.8 73.9 33.6 1.9 -37.9
45.2 98.4 232.7
869.6 48.8 -6.9 18.3 -31.8 -9.5
1125.1 219.2 -86.2 -200 -149.6 22.7
2150.6 -69.8 -136 -436.4 -249.3 90.2
12.2 58.5 168
914.7 22.2 -39.2 19.6 -15.4 10.3
1241 300.7 -162 -207.7 -43.1 77.9
2351.5 9.4 -347.5 -557.9 -80.5 166.2
39.3 134.2 256.2
898.6 37.1 -15.1 -30.6 30.7 -4.2
1576.9 -219.5 73.3 -368.8 70.2 -88.8
2655.3 -78.8 -323.8 -518.6 -7.9 -112.4
winner is: 19
