Regression analysis information for: common_voice_sw_38021900-04-006_0003
number of formants: 3
number of coeccicients: 5
15.3 116.8 10185.3
372.8 -20.1 97 -3.4 17.4 -4.2
676.7 250.8 273.9 153.9 132.6 -7.5
1530.4 517.6 354.8 -254.7 139.5 -98.1
32.3 145 192.6
396.3 -55.6 76.3 33.1 -7.2 -4.8
683.6 214.5 270 136.2 120.9 -16.6
1898.4 192.3 111.8 67.9 55.9 -373.3
21.3 162.2 115.1
411.4 -56.1 80.2 39 -24.4 -2.6
705 226.2 261.3 111.8 59 -62.3
2070.5 67.3 106.7 86.2 -76.3 -198.2
22.2 173.9 79.8
407 -61.1 85.5 31.9 -22.3 22.3
775.5 363.3 375.6 193.5 116.6 -26
2187.6 50.2 76.4 69.3 -92.6 -78.2
13.1 146.7 47.8
400.2 -39.1 95.2 7.7 -14 18.9
900.2 635.3 543.8 275.9 134.1 -69.7
2272.9 126.4 148.5 144 -44.3 -41
15.3 151.1 36.2
393.7 -35.5 93.4 2.6 2.1 22.4
894.6 629.6 542.4 283.7 142.5 -63.2
2290.8 108.2 123.2 153.2 -40.6 -25.6
21.1 160.9 31.5
392 -38.5 92.1 7 10.1 24.5
938.9 698.7 554.7 230 40.7 -156.2
2317.2 143.3 118.1 131.4 -52.9 -57.7
25.4 139.4 41.5
394.8 -38.9 92.4 12.3 4.9 15.7
1021.2 802.5 532.1 78.5 -136 -238.6
2353.5 171.3 85.4 95.9 -83.3 -81.1
16 131.7 55.1
401.7 -32.4 86.5 -1 -4.2 17.7
1063.7 850.9 503.2 -16.4 -214.5 -230.7
2386.6 175.3 56.2 74.2 -100.6 -72.3
10.1 151.8 65.7
394.6 -31.4 95.6 -3.8 -9.6 14.5
1119.3 909.4 441.9 -140.4 -272.9 -162.1
2426.9 177.4 21.6 36.3 -107.4 -37.6
25.3 146.3 14.3
395 -22.8 90.9 -17.5 2.8 25.3
1372.9 1013.5 26.5 -404.3 36.5 200.3
2500.1 200.1 -91.9 -28.2 -30.9 53.8
45 170.8 20.8
372 12.4 86.3 -59.1 58.4 19.7
1463.1 1010.9 -156.7 -363.2 210.3 144.6
2519.5 191.6 -102.8 -25.6 -16 39.2
14 155.3 52.9
443 -57.8 18.3 50.4 22.2 -21.7
1977.4 478.3 -567.8 398.8 -141.2 -42.6
2661.7 59.1 -229.7 174.6 -84.8 -45.2
11.2 149.3 57.2
446.4 -59.9 21.9 51.1 19.9 -18.2
1985.7 456 -539.9 406.3 -165.2 -25.9
2685 50.9 -268.3 198 -63.7 -74.7
22.9 149.1 67.9
439.4 -49.2 16.6 50.5 29.7 -31.7
1991.1 461.5 -547.5 404.6 -158.7 -22.2
2700.8 34.7 -259.8 205.1 -88.9 -74.9
8.2 151.4 68.2
449.7 -66.1 27.8 52.1 20.2 -14.2
2099.6 297 -444.6 399 -239.6 156
2735.3 -5.9 -237.2 196.6 -97.2 -48.3
24.6 205.1 76.1
440.5 -52.8 13 65.5 9.8 -4.5
2189.1 150.8 -326.5 322.1 -211.4 199.4
2756.5 -26.5 -221.7 187 -88.4 -80
11 32.7 76.2
446.5 -73.1 24.4 48.1 17.1 -18.1
2328 -115.9 -65.8 62.3 31.9 -27.7
2758 -17.5 -220.9 169 -53.7 -131.3
26.3 36.3 67.3
437.1 -91.5 6.9 31.1 0 -34.9
2320.8 -77.6 -101.1 87.3 12 8.6
2750.5 2.2 -213.8 142 -28.1 -137.4
161.2 60.5 117.6
569.9 166.3 265.6 271.3 229.4 170.7
2355.1 -19.1 -61.9 133.6 62.1 67.4
2809.8 91.8 -109.2 222.9 69.8 -57.6
winner is: 18
