Regression analysis information for: common_voice_sw_38021900-04-010_0009
number of formants: 3
number of coeccicients: 5
1.6 1.1 10026.6
279.4 11.1 -9.3 -5.3 -0.8 -1.3
525.8 15 -1.8 6 4.3 2.7
1600.3 -188.1 11.4 -18.8 8.8 -17
1.6 1.5 10020.1
283.2 13.3 -9.5 -4.3 -0.6 -2.1
525.6 14.1 -1.4 7.8 6.1 4.1
1668 -182.6 -5.6 19.3 -5.1 -52.1
2.1 2.4 10013.3
285.5 14.5 -7.3 -1.9 0.6 -1.3
524.8 12.5 -2 8.1 7.1 5.3
1699.9 -177.6 17.1 38 -5.5 -55.5
4.3 3.9 10010.9
286.4 13.4 -4.6 4.7 7.9 3.9
521.4 7 -4.5 7.7 7.7 6.1
1744.3 -148.2 34.3 49.8 -3.4 -54.1
12 4.9 10011.6
274.2 -4.7 -0.8 26.3 33.3 19.8
515.7 -1.7 -10 4.6 5.2 3.8
1783.1 -113 55.3 56.6 2.4 -45.3
27.2 145 10065.3
341.2 98.2 23.4 -26.1 -55.2 -47
828 470.4 80.1 -247.2 -377.1 -276.6
1982.3 129.1 71.8 -95.7 -194.2 -152.9
30.8 156.1 10066.8
349 122.3 19 -43.7 -54.5 -28.7
876.1 497.6 -10.8 -332.1 -302.7 -94.3
2042.5 135.7 -4.4 -146.3 -151.6 -45.7
57.6 312.6 10069.6
365.4 129.7 -29.6 -75.3 -28.1 23.5
1049.7 367 -155.1 -370.8 -233.8 160.2
2113.4 73.2 -102 -154.7 -76.4 74.2
77.6 396.9 87.3
424.1 72 -9 -37.1 -64 102.7
1435.5 -69.9 -110.2 -71.5 -311.3 304.2
2257.3 -5.3 -58.9 -69.6 -107.3 76.7
4.9 75.5 18
490.8 -5.6 -21.3 -12.6 -10.1 -8.7
1757.3 -351.7 -80.1 92.7 -36.5 -145.6
2358.4 -83.9 17.1 -58.3 -11.1 -26.8
4.8 50.7 13.8
490.6 -4.2 -20.4 -12.5 -9.8 -7.9
1786.4 -307.1 -34.9 126.4 -25.9 -115.5
2363.8 -85 31.8 -62.1 -1.3 -22.4
4.6 27.7 17
490.8 -3.3 -20 -12.2 -9.5 -7.3
1795.2 -284.3 -18.7 102.3 -43 -87.1
2368.6 -95.6 41.3 -77.6 4.1 -25.5
4.6 24.2 17.4
490.9 -2.9 -19.8 -11.9 -9 -7
1855.3 -237.8 -75.8 52.5 -26 -68.9
2377.6 -101.4 49.5 -95.7 10.7 -33.4
4.6 19.3 23
491 -2.7 -19.6 -11.5 -8.7 -6.9
1885.5 -195.4 -89.5 2.8 -33.2 -42.3
2380.5 -103.3 57.2 -109.3 21 -43.7
4.9 19.6 19.2
490.8 -2.8 -19.5 -11.3 -8.6 -7
1950.4 -133.3 -131.7 -39.1 -15.1 -13.9
2374.7 -84.4 44.9 -95.6 10.1 -35.8
4.8 23 12.4
490.9 -2.7 -19.1 -10.8 -8.1 -6.7
1985.8 -94.5 -155.4 -75.9 -31.3 -20.8
2360.8 -53.7 18.7 -70.5 -8.8 -22.8
5.3 33.8 11.2
489.9 -4.7 -20.6 -11.8 -9 -7.5
2050.2 -7.4 -129.3 -59.3 -14.1 -11.5
2361.2 -52 15.9 -65.2 -12.7 -21
5.3 29.8 11.2
490.2 -4.3 -20.2 -11.5 -8.7 -7.3
2062.8 -18.8 -169.9 -73 -17.5 -23.6
2368.6 -61.7 22.8 -68.2 -13.1 -20.9
5.1 27.1 11.6
490.4 -4.1 -20 -11.4 -8.4 -6.9
2084.8 -11.5 -190 -66.9 -14.7 -39.4
2373 -62.9 23.1 -65.4 -20.5 -14.6
5.8 28.7 27.2
488.5 -7.5 -23.1 -13.9 -10.1 -8.1
2169.7 99.5 -131.9 -15.3 17.2 -23.7
2395.8 -69.3 47.4 -53.1 8.2 -2
winner is: 16
