Regression analysis information for: common_voice_sw_38021900-04-002_0008
number of formants: 3
number of coeccicients: 5
7.9 6.9 10009.2
447 46.2 -1.9 -4.8 2 3
689 94.6 -51.9 40.1 -24.1 13.7
1815.4 42.5 -15.9 -51.3 -13.4 5.9
3.4 2.4 10016.1
432.7 55.6 -3.2 -2.7 2.1 1
681.7 94.2 -46.6 33.2 -18.2 9.6
1842.8 88 -56.1 -90.1 -14.8 5.9
3.7 3.1 10011.6
432.9 51.2 0.3 -2.6 3.1 0.6
680 94.1 -47.3 36.1 -19.3 10.4
1819.3 49.8 -34.2 -59.1 -1.3 12.6
6.2 5.2 10026.1
438.5 43.9 4.5 -5.7 4.6 1.3
679 99 -52.8 40.2 -21.9 11.7
1868.9 53 -64.8 -103.4 -21.4 33.7
11.6 6.1 10015.7
441.7 44.8 1.2 1.3 -3.4 9.6
679.5 102.8 -55.6 43 -23.4 11.6
1910.5 32.4 -46.7 -92.8 -32.3 32
12.2 156 10055.2
452 31.6 9.3 -3.6 2.3 -0.7
785.6 -115.5 149.6 -167.6 168 -179.8
2005.4 -93.4 56.9 -173.3 38.7 -53.2
5.4 130.6 40
465.8 18.5 14.6 -0.5 -0.6 0.6
850.5 -234.3 258.8 -249.5 215.1 -180.1
2062.5 -118 65.7 -159.5 24.8 -47
5.7 76.3 13.8
481.9 8.3 9.9 15.5 -9.9 0.6
874.7 -270.7 294.2 -252.5 183.8 -99.6
2123.7 -158.4 73.8 -137.9 11.5 -32.8
15.8 113.7 12.6
494.3 13.3 -8.2 31.7 -2.6 -20.8
895.6 -316.9 355.2 -297.5 192 -64.1
2180 -183.8 63.2 -112.9 6.6 -30.2
9.3 193.7 24.2
505.4 27.5 -11.8 26.6 19 -18.5
988.2 -477.4 455.6 -271.3 59.9 132.1
2243.3 -220.7 52.4 -71 -19.2 -4
19.1 130.8 30.2
515.1 46.8 -8.9 12.3 30.6 7.5
889.9 -356.3 405.7 -328.8 183.2 -70.4
2255.8 -197.3 27.4 -77.9 20.8 -48
37.4 180.1 28
491.4 107.1 -3.7 -42.3 85.1 -10.4
976.5 -514.4 487.9 -286.9 65.3 94.1
2287.9 -224.4 40.3 -65 -8.5 -7.3
35.1 153.5 33.6
538.2 65.5 12.1 5.9 -25.2 23.7
1322.7 -956.4 271.2 287.6 -321.9 3.8
2352.7 -269.7 -5 18.6 -47.1 -42.2
20.8 145.6 100.6
547.6 59.3 0.4 42.7 -28.5 -39.5
1455.6 -1021.2 -58.5 406.6 -40.7 -214.6
2413.4 -229.5 -83.9 25.5 74.5 -68.9
4.9 36.1 85.6
583.6 83 -44.7 10.5 -0.8 -2.7
2209.6 -42.4 -102.3 -49.7 -51.1 -17.6
2696.1 88.4 -236.4 -402.3 -85.5 135.8
4.7 23.2 39.9
584.2 85.8 -45 10.9 -0.7 -2.9
2198.9 -160.2 -158.9 -26.3 -26.1 4.5
2467.2 -119 -4.1 -47.1 56.5 85.5
4.6 24.5 20.8
584.8 87.3 -45.5 11.1 -0.6 -3
2224.8 -176.7 -148.7 -16.3 -46.5 3
2472.6 -120.6 1 -15.5 63.3 49.2
4.6 28.5 21.7
583.3 89.5 -46.6 10.5 -0.2 -3.2
2281.4 -194 -84.5 -25.9 -82.8 7
2548.8 -102.9 -127.6 -20.2 109.8 43.2
4.8 33.1 34.8
580.3 89.9 -48.1 8.8 0.2 -3.7
2325.9 -152.2 -12.6 -9.6 -56.1 -0.6
2709.6 -97.2 -316.5 -110.1 66.9 63.9
4.8 29.8 83.5
576.7 88.4 -50.1 7 0.8 -4.2
2348.9 -112.3 23 19.6 -31.6 15.8
2913.2 -54.1 -440.6 -213.6 -98.4 -10.3
winner is: 17
