Regression analysis information for: common_voice_sw_38021900-04-006_0012
number of formants: 3
number of coeccicients: 5
4.6 12.8 10036.2
482.6 27 26.1 -0.8 0.5 -8.5
723.6 -15.6 -26.9 -18.9 -23.9 -20
1645.5 384.8 123.1 9.8 -76.7 -82.6
8.3 15.3 10038.9
488.5 14.8 34.7 -7 5.4 -15.6
721.3 -18.2 -31.1 -21 -27.8 -22.4
1644.4 377.6 135.5 27.9 -80 -92.3
6.5 11.7 10036.7
488.9 16 31.5 -1.5 0.7 -10.3
723.5 -14.6 -26.9 -17.4 -23.3 -18.8
1646 372.9 131.3 31.5 -80.1 -89.8
6.5 10.7 10021.9
497.8 6.5 29.3 1.7 -0.6 -8.4
721.9 -15.1 -30.4 -18.7 -22 -18.3
1701.5 383.8 74.9 12.8 -76.9 -71.4
9.6 13 10026.6
500.7 1.6 17.8 2.3 0.4 -15.6
713.9 -27.2 -43.2 -28.4 -26.4 -22.6
1764.5 404.5 26.7 11.3 -61.1 -58.8
31.1 102.2 10039.8
556 -76.7 32.2 29.5 -50.8 39.6
834.5 -230.3 43.6 8.5 -155.1 140.3
1858.8 371.2 -25.4 -12 -61 -17.9
22.7 76.3 10031.7
580.9 -109.9 37 24.7 -36.8 17.6
884.2 -322.9 105.7 -37.8 -116.5 85.1
1887 344.1 -67.1 -23.5 -64.1 -20.9
12.8 44.8 10029.6
591.2 -119 35.2 22 -25 4.9
918.6 -379.1 139.1 -51.6 -104.6 50.6
1947 291.8 -21.3 -78.2 -16 -66.5
11.2 45.5 10018
599.6 -122.6 23.5 31 -23.2 -3.7
942.5 -405.7 126.8 -12.6 -136.5 47.6
1986.4 312.4 -6.6 -74.7 -8 -65.5
16.1 68.2 28.5
582.2 -105.7 41.4 0.4 -11.3 10
845.3 -274.6 158 -164.4 22.3 -8
2019.5 308.8 96.4 -132.2 72.7 -117.5
30.6 53.4 90.4
578.2 -92.6 21.3 13 -18.3 5.1
781.3 -158.4 80 -140.2 50.5 -92.9
2047 327.4 136.6 -156.8 123.6 -180.9
47 52.2 76
572 -83.9 -9.1 22.3 -48.1 28.7
749.2 -88.2 16.5 -68.4 -18.3 -35.9
2011.8 492.3 23.8 -36.3 50.5 -79.4
40.3 169.9 115.8
576.1 -76.6 46.7 -45.7 11.3 39.4
874.4 1.9 270.5 25.9 200 57.6
2107.9 391.4 136.2 -159.5 168.4 -127.2
67.6 218.5 153.8
591.2 -67.5 -5.2 23 -23 -23.1
1136.9 -230.8 231.1 378 11.3 34.1
2438.7 -18.3 55.8 111.4 -146.4 2.8
62.3 253.4 126.6
606.4 -118 34.9 48.5 -49.5 -43.8
1345.5 -190.1 55.7 442.9 281.1 101.6
2563.4 25.1 29.1 141 18.4 61.1
5.1 177.7 76.8
659.5 -95.7 -51.2 0 9.8 15.1
1524.1 -116.9 -259.4 226.2 437.1 299.5
2581.6 3.7 -130.7 -5.2 23.2 83.8
10.9 150.2 26.7
654.7 -103.2 -56.6 -2.9 7.8 13.2
1482.9 -135.7 -130.5 404.3 478.4 227.9
2597.1 -50.3 -79.1 104.5 21.4 36.7
12.6 135.1 34.2
654.9 -98.4 -46.6 9.9 14.6 10.3
1582.6 29.9 -30.3 437.1 504.2 285.5
2620.7 -45.5 -40.3 119.8 30.7 59.8
5.9 225.9 97.7
660.1 -92.6 -53.1 -2.4 7.3 14.3
1650.3 82 -120.5 277.9 433.8 368.7
2680.8 -13.7 -45.5 74.1 6.4 90.9
33.1 244.2 128.9
646.3 -107.7 -44.9 26 35 22.1
1792.3 312.7 -10.1 293.4 361 227.6
2748.5 52.7 8.6 95.6 -14.9 38.8
winner is: 10
