Regression analysis information for: common_voice_sw_38021900-04-002_0010
number of formants: 3
number of coeccicients: 5
2.7 3.3 10006.3
307.7 -44.2 -39.1 -10.2 -1 -3
479.7 -74.1 32 -4.9 0.8 2.4
1553.9 -43.4 32.3 -7.9 -11.6 10.3
5.4 5 10006.4
309.3 -45.4 -42.8 -7.6 7 1.5
470.7 -92.1 21.3 -13.9 -10.2 -2.9
1561 -34.1 25.4 -4.9 -4.6 4.6
26 80.2 10049.9
325.9 -31.5 -25.2 36.6 45.3 20.7
638.1 247.1 340.7 234.4 182.5 128.6
1681.6 139 186.5 144.7 91.9 77.4
20.8 95.2 10068
357.2 10.7 -5.4 7.6 -38.5 -42.8
891.4 584.9 286.2 -134.1 -195.4 -37.2
1880.3 320 131.9 -63.7 -163.6 -7.7
8.3 100.9 27.8
388.4 7.9 -43 -7.2 -15.4 -9.5
1199.1 538.7 -285.5 -24.9 161.4 -118.4
2150.5 244.4 -246.8 25.2 16 7
16.2 84.1 25.9
400.7 -2.6 -26.8 -6.7 -15.5 3.7
1166.5 536.7 -247.5 3.9 108.3 -126.7
2181.1 157.7 -189.9 77.4 -81.7 35.3
15.5 81.1 26.3
394 0 -38.9 -7.3 -15.7 -10.8
1177.5 547.7 -263.7 32.1 96.7 -124.8
2182.6 137.5 -171.2 76 -69.7 53.2
8.3 154.5 15.5
421.2 -41.6 3.2 -31 3.2 -15.2
1401.3 178.3 4.2 -156.6 233.2 -232.4
2262 7.7 -63.1 -29.2 18 -15.5
11.9 144.7 12.3
417.6 -39.1 1.3 -34.7 6.5 -19.5
1438.3 182.4 -42.7 -102.6 203.3 -212.5
2272.5 15.1 -83 -24.9 21 -14
14.8 190.4 36.5
412.1 -49.2 -7.4 -40.7 0.8 -24.9
1554.7 97.1 -80.1 -5.5 120.8 -179.5
2303.2 -2.9 -106.5 -3.9 1.3 -2
22.6 360.4 60.5
399.4 -44.7 7.3 -52.8 -6 -10.1
1461.2 285.1 67.3 -237.4 227.6 -119.1
2292.2 23.7 -59.4 -64.7 -0.4 29.5
29.9 407.2 97.5
382.2 -43.7 -4.7 -63 23 -42.3
1382 158.1 473.4 -112.9 -158.9 -235.8
2239.3 -59.6 -0.4 -50.1 -141.8 -61.6
7.1 129.9 94.5
408.6 -75.9 -12.4 -38.6 -12.6 -10.6
1892.4 -241.3 -128.8 203.4 65.9 204.1
2382.9 -164.7 -95.8 62.3 -28.7 179.5
6.6 87.8 85.2
412.1 -69.5 -9.1 -33.7 -9.7 -8.5
1877.2 -268.3 -72.3 161 30.3 197.6
2328.6 -133.4 -119.3 41 35.8 155
7.8 36.2 29.5
411.4 -75.5 -12.8 -36 -14.3 -7.9
1948.2 -156.9 -51.5 121.6 -77.6 49.9
2364 -34.3 -110.4 -11.6 -22.6 27.7
7.6 34.8 27.7
413.4 -67.6 -7.8 -33 -12.2 -6.8
1988 -168.8 -43.9 116.1 -40.1 40.9
2379.9 -42.7 -105.8 -6.2 -40 42.6
7.9 37.1 30.4
411.9 -67 -7.4 -33.5 -12.6 -6.3
2025.1 -174.1 -57.7 117.7 -18.2 19
2397.4 -67.2 -96.5 2.3 -61.5 62
8.8 44.3 30.4
407.7 -73.3 -11.6 -36.5 -16.4 -5.8
2047.6 -168.9 -85.2 122.3 -6.9 2.2
2412.5 -100.7 -93.2 20.4 -80 61.8
8.9 37.6 21.4
407.2 -64.5 -8.2 -33.4 -12.7 -5.3
2047.9 -220.3 -73.5 108.2 17.9 -15.4
2445.4 -153.8 -74.2 45.8 -113.7 76.9
9 39.8 34
402.1 -69.2 -14.2 -36 -15.4 -5.9
1959.3 -275.3 10.2 146 -46.1 -40.1
2475.9 -219.6 -59 73.6 -133.7 79.3
winner is: 19
