Regression analysis information for: common_voice_sw_38021900-04-012_0013
number of formants: 3
number of coeccicients: 5
14 25 10105.2
357.3 46.6 -55.1 12.9 -10 11.5
672.5 -18.5 -47.8 -46.3 -9.2 -6.8
1393.7 -124.3 101.9 -91.6 57.8 80.1
11.9 6.2 10074.4
369.9 46.4 -65.5 23.1 -12.5 -3.7
687.5 -39.6 -57.4 -24.9 -30 -7.2
1446.5 -184.4 78.1 -2.8 -15 72.2
12.8 5.2 10036.3
396 55.5 -88.6 21 -13.2 -11.9
695.1 -51.1 -77.5 -18.6 -24.6 -14.9
1536 -236.8 -43.4 110.7 15.5 -17
15.5 17.4 10072.8
410.7 70.9 -96.2 6.4 -22.6 -23.4
682.2 -70.2 -79.5 -2 -0.5 -6.5
1525.4 -250.7 -34.3 145.9 41.6 -28.4
12.1 62.8 10017.8
419.3 79 -126 -37.6 -24.2 -15.2
746.1 1.2 -131.6 -135.5 -88.1 -1.4
1615.2 -164.4 -106.7 -18.6 -40.5 17.8
17.2 25.8 10063.7
405.8 80.3 -98.9 -29.5 -38.8 -27.2
693.4 -52 -95.8 -46.3 -18.1 15.8
1546.8 -243.1 -49.1 105.1 55.1 4.6
20.6 111.9 10036.7
418.1 104.9 -101.9 -18.9 -15.5 6
766.4 72.4 -74.6 -69.8 -46.1 53.4
1630.8 -152.9 -73.5 -7 -12.3 37.5
36.3 91.1 64.5
495.3 67.7 -0.2 -67.5 43.1 -31.7
1065 76.5 354.9 -208.5 118.4 -123.6
1776.5 -301.9 156.7 -145.8 100.1 -65.2
41.9 89.9 59.7
506.6 59 -6.6 -63.2 46.1 -29.3
1078.4 14.3 372.6 -237.3 98.7 -66
1805.6 -354.4 183.6 -153.1 80.2 -30.5
53.1 115.7 73.1
537.4 11.9 8.3 -39.7 11.6 18.8
1160.2 -141.3 452.2 -148.1 -74.9 111.2
1882.7 -466 222 -90 -39.7 100.4
41.3 98.8 66.8
556.4 -15.7 -4.9 -0.1 -5.6 23.7
1212.3 -225.8 453.1 -17.3 -190.9 132.5
1934.4 -529.9 197 3.8 -126.2 114.6
28.9 96.2 69.5
552 -32.7 0 22.4 -18.2 13.2
1254.3 -259.2 426.9 67.2 -197.2 97.8
1959.7 -571.8 169.4 52 -151.3 85.8
25.9 110.9 85.4
542.4 -57.4 -16.8 34.7 -7.7 13.1
1254.4 -334.3 377.9 131.7 -158.8 109.7
1973.9 -624.9 114 87.5 -162.9 30.7
40.4 122.4 10095.6
534.1 -55.1 -9.3 13.9 -23.7 38.2
1246.6 -425.5 283.9 135.2 -193.9 18.7
2002.9 -647.9 69.2 131.3 -153.5 -27.9
38.8 99 97
547.4 -55.4 -40.8 29.3 -26.5 9.9
1351.5 -475.8 54 208.5 -1.9 -115.7
2129.5 -670.2 -160.8 192.6 61.6 -116
21.7 83.5 96.3
571.1 -31.6 -82.1 3.6 -18.7 36.5
1467.1 -422.5 -92 88.3 118 79.1
2278.8 -602.9 -372.3 -11.2 169.4 135.8
24.3 79.9 102.8
568.5 -16.7 -93.2 3.2 -25.6 38.8
1499.4 -418.4 -110.6 46.3 95.7 109
2324.7 -589.3 -396.6 -79.9 121.4 176.7
18.8 70.4 130.8
568.3 17.6 -104.8 -11.3 -41 31.2
1558.6 -365.9 -136.7 -22.4 -1 112.5
2403.3 -522.9 -433 -201.4 -33.4 146.3
15.9 78.8 136.7
557.4 52.7 -101.4 -21.1 -43.1 19.5
1603.9 -310.8 -134 -22.7 -81 91.8
2481.3 -419.5 -439.7 -264 -181.4 16.3
15.6 95.8 118.2
548.6 75.6 -94.5 -29.1 -41.2 14
1569.2 -120 -106.6 -61 -28.2 23.2
2486.2 -19 -403.1 -205.3 -141.1 -217.7
winner is: 9
