Regression analysis information for: common_voice_sw_38021900-04-002_0004
number of formants: 3
number of coeccicients: 5
11.6 16.9 10028.2
367.6 33.1 -63.8 -18.7 -9.3 -5.7
761 -22.7 -4.8 -27.6 -23.4 -8.8
1591.3 48.7 -88.4 45.8 -19.5 -30.7
8.2 20.2 10016.9
358.3 23.2 -52.5 -5.6 0.1 -5.8
753.9 -34.2 4.2 -16.2 -12.3 -4.4
1593.3 -24.4 53.1 -24.1 -25.4 -39.2
9.3 24.5 10025.3
363.9 19.2 -49.9 0.1 6.9 -2.3
758.4 -41 3.2 -10.9 -16.5 0.2
1646.2 -64.4 11.2 18.7 -32.5 -17.5
13.9 27.8 10029.8
380.1 15.7 -67.2 17.2 14.7 -7
764.1 -46.7 -5.2 -7 -17.8 -1.4
1677.3 -60.3 -25 16.9 -9.9 1.6
27.4 72 10010.8
408.6 38.2 -70.5 44.3 39.1 6.1
836.6 87.4 122.1 116.1 104.1 95
1710.7 -16.3 -10.1 29.3 8.5 40.1
24.7 46.2 10010.7
411.6 49.7 -63.4 27.3 33.7 22.3
835.2 92.6 133.2 111.2 94.1 88.4
1721.7 -6.6 -14.2 9.9 -5.3 43.7
31.4 52.6 10014.5
420.3 62.2 -59.1 16.3 27.5 30.4
845.3 116.3 160.6 141.9 110 94.8
1730.2 -1.2 -10 3.6 -14.3 40.7
40.3 68.1 10012.7
432.5 63.5 -76.4 -5.3 6.6 28.8
804.8 53 115.3 110.8 93.9 80.1
1739.5 -4.7 -6.1 1.2 -21 37.2
36.9 79.9 10014.4
452.9 75.4 -85.5 -3.6 -17.3 13.4
799.6 89.5 157.2 146.1 163.9 132.5
1754.3 -1.6 4.5 3.6 -24.4 36.3
95.7 287.6 10131.9
497 26.8 -61.4 -21.8 -6.2 -4
1155.5 223.3 341.8 -22.9 -243.7 -102.5
1861.8 -123.6 96.5 7.6 -41.9 13.6
95.1 276.4 131.4
520.8 -23.3 -29.3 -13.7 -27 -43.1
1276.3 -80.5 173.4 -1.2 -358 -304.2
1914.8 -229.8 88.8 -24.4 12.1 -137.2
62.3 218.3 93
580 -88.2 -36.8 -11.5 7.7 -31.3
1481 -224.9 108.5 230.2 -71.9 -315.5
2049.8 -328.6 21.9 4.1 104.8 -94.3
41.6 188.5 75.7
601.9 -113.2 -33.8 -9.4 15.2 7.4
1588.5 -175.8 163.2 293.8 80.9 -96.1
2107.5 -350.2 31.1 -3.2 113.3 27.2
47.1 212.4 116.4
599.8 -81.9 -55.4 -29 35.1 -0.4
1608.4 6.4 20.3 114.9 102.3 -174.8
2129.6 -327.7 -43.2 -2.8 133.5 7.5
27.4 27.7 51.7
614.5 -94.7 -47.1 -23.8 24 33.9
1735.1 -50.5 -2.1 27.1 -18.9 40.2
2175.9 -395.6 2.6 35.1 49.5 107.1
26.5 27.6 53.4
609.9 -103.4 -55.7 -28 22.1 32.6
1738.8 -44.8 -2.3 15.8 -24 40.9
2163 -395.9 3.6 28.8 52.4 93.4
23.5 29.8 49
605.6 -112.3 -62.6 -35.9 17.2 26.4
1735.5 -52.2 -8.8 12.7 -21.5 42
2142.7 -395.1 -23.6 10.9 59.6 53.1
21.9 32.8 48
602.1 -117 -59.7 -36.9 15.9 33.8
1726.5 -74.8 -24.3 15.3 -7.4 35.7
2147.1 -394.8 -39.3 -4.6 80.4 38.1
20.6 61.1 69.3
595.2 -120.7 -50.2 -28.2 21.8 49.6
1673.1 -165.9 -17 108.4 104.3 67.1
2171.9 -415.7 -36.4 -21 81.5 63.3
21.7 76.9 126.2
584.5 -112.5 -46.5 -30.1 21.6 55.5
1680.8 -200.4 -3.5 106.3 120.4 61.2
2187.2 -458.7 50.2 -94 69.5 133.3
winner is: 17
