Regression analysis information for: common_voice_sw_38021900-04-002_0012
number of formants: 3
number of coeccicients: 5
31.9 4.3 10038.1
466.5 24.6 -2.9 6.1 -20.9 39.3
729.3 -16.9 -51.3 -10.4 -15.8 -3.1
1651.6 0.9 -21.6 50.1 -58.9 45.2
11.2 4.3 10015.2
491.1 -26.1 33.1 -50.8 26.2 -10.8
729.9 -13.1 -53 -9.1 -15.7 -2.8
1706.1 -34.2 -36.3 -0.4 3.2 13.1
23.3 3.3 10013.5
483.4 6.9 11.2 -39.4 21.4 -14.6
734.2 -15.5 -47.3 -13.6 -11.9 -8.4
1722.3 -30.5 -49.6 -18.1 -0.4 18.5
22.8 4.6 10009.5
483.1 58.6 -19 -6.5 -5.1 8.9
726.4 -24.2 -57.8 -16 -15.8 -6.1
1731.7 -26.2 -50.7 -6.2 3.3 -2.1
10.3 60.2 10008.5
505.9 104.7 -10 19.3 -14.7 25.7
767.6 54.3 27.9 65.7 65.9 66.5
1736.9 -14 -45.7 -3.4 -1.3 -5.5
30.6 58.6 10005.4
564.4 78.4 1.9 -32.7 -1 -20.5
806.8 129.3 140.2 130.3 142.9 71.8
1746.1 -20.7 -36.8 -9.6 -4.1 -4.2
28.7 63.1 10006.1
594.6 60.5 -15.8 -42.8 20.4 -24.6
863.3 212.9 238 133.2 146.2 8.2
1753.9 -25.3 -32.2 -15.2 -7.1 -4.9
26.8 71.1 10008.1
598.8 72.5 -36.9 -44.1 32.9 -23.6
919.1 312.6 287.3 129 110.2 -35.6
1760.8 -24 -26.9 -17.7 -6.9 -5.7
47.5 81.9 10052.2
569.5 119.1 -63.5 -24.5 11.7 -10.1
1005.7 389.8 341 41.5 45.2 -138.6
1800.6 -8.2 46.8 -7.4 54.8 -0.8
21.9 41.5 10036.4
542.3 163.2 -88.9 3.5 -15.5 -2.4
988.7 492.9 273.2 91.6 -58.8 -101.9
1815.8 83.7 70.1 70.6 62.9 56.2
60.4 240.8 10079.4
576.4 116.8 -70.4 7.3 -41 67.9
1129.5 276.5 406.6 108.6 -207.9 93.8
1905.1 55.3 176.9 124.5 32.6 162.8
65.6 253.5 10085.2
605.4 58 -11.5 -38.7 -14.3 47.2
1198.7 68.9 522 106.4 -120.5 72.6
1962.8 -42 227.7 50.7 8.2 68.4
33.9 127.1 71.8
639.5 -10.6 34.4 -38.7 -37.1 44.2
1371.1 -134.6 555 150.7 -224.9 -33.4
2045.8 -126.4 238.5 65.7 -42.5 -11.7
18.3 161.5 112.5
674.3 -32.6 -29.2 18.8 0.4 -17.1
1567.3 -236.6 103.5 317.6 213.1 -27
2208.5 -87 -83.9 147.6 206 -45.3
39.9 125.3 75.8
663.8 -51.7 -33.3 42.4 46.5 18.2
1685.5 -113.2 -10.9 109.3 121 60.6
2268.5 14.3 -163.4 -36.9 122.5 58.6
3.7 11.6 40.4
684.7 -24.4 -43.6 2.4 4.9 0.1
1750.5 -25.9 -42.3 -13.5 -22.2 3.7
2303.5 50.7 -125.9 -100.1 18.7 27.3
4 11.3 26
686.2 -24.1 -44.3 1.1 4.2 -0.4
1755.4 -30.5 -33.7 -16.4 -19 0.5
2312.7 33 -103.5 -69.2 12.6 21.8
4.1 12.1 23
684.6 -22.7 -45.5 0.5 5.7 -0.5
1756.9 -37.1 -31.8 -16.7 -18.2 3.4
2337.2 4.4 -90.2 -49.6 28.2 24.6
4 10.5 18
683.9 -19.4 -47.7 -0.3 3.7 -0.9
1765.2 -46.1 -19.7 -23.7 -11.2 -2.7
2372 -12.9 -91.5 -39.1 19.9 26.4
4 12.2 21.9
680 -15.2 -50.1 0.7 3.4 0.4
1768 -55 -16.7 -25.8 -9.5 0
2408.2 -40.6 -87.7 -31.3 30.5 24.8
winner is: 19
