Regression analysis information for: common_voice_sw_38021900-04-006_0013
number of formants: 3
number of coeccicients: 5
36.3 33.2 10051
474.4 30.7 15.7 10.4 6.7 -12.1
791.4 15.3 49.7 8.1 -4.4 55.7
1247.4 -83.6 91 -74.2 16.6 41.2
12.5 25.2 10043.9
438 -40.9 -31.4 1.8 29.6 24.6
800.3 -21 28.4 16.5 -33.8 47.9
1254.5 -116.2 78.5 -65.6 -13.9 46.3
8.7 19.8 10030
446.5 -37.4 -40.9 4.6 35.9 18.3
830.3 -40.5 0.9 58 -39.3 27
1285.1 -143.2 65.3 -16.6 -38.7 28.3
25.8 36.4 10019.2
447.4 -38.5 -58.5 20.2 70.8 44
838.2 13.6 -138.3 144.2 -12.7 11.9
1304.3 -144.3 9.5 32.1 -29.7 -10.4
8.1 45.9 19.2
569.7 153.7 -22.6 -41.2 -25 -10.2
995.2 197 -196.3 -20.4 -99.4 -15.9
1310.6 -135.1 -29.4 2.9 -55.3 -32.3
5.4 20.8 20
569.9 158.6 -21.5 -44.1 -18.3 -5.2
1004.2 251.6 -170.1 7.5 -49.5 11.2
1345.3 -69.5 22 44.8 -18.2 -4.4
8 31.8 10037.4
574 168.2 -0.3 -54.8 -29.9 -15.1
969.4 241.9 -147.2 0.9 -38.8 56.9
1337.4 -84.1 25.2 22.1 -27.4 6.7
28.2 55.3 10016.9
538.8 112.5 -20.1 -48 -8.6 18.5
899.2 129.3 -153.6 24.3 -9.7 100.2
1320.4 -115.9 27.2 31.5 -8.5 6.2
25.9 27.6 10013.3
518 89.6 -52.3 -59.1 -38.3 8.9
865.9 99.9 -141.5 79.4 9.8 71.6
1318 -115.6 24.5 40.7 -8.9 7.5
35.6 31.7 10013.1
513.3 84 -55.4 -42.3 -26.9 23.6
880 85.7 -150.3 74 11.2 84
1317.2 -118.1 23.8 38.6 -8.4 6.5
22.3 100.1 10164.5
548.7 101.1 -36.1 -73.4 -44.7 -24
988.7 18.1 -42.7 -79.8 55 -93.8
1464 -169.6 206 -179.7 1.3 -258.3
24.6 72.7 120.9
585.1 131.3 -14.5 -57.4 -38.3 -21.8
1049.6 31.4 -51.3 -149.6 44.5 -156.5
1539.2 -129.5 309.1 -233.3 -24 -310.2
5.5 60.5 97.1
621.3 167 4.6 -29.6 -16.6 -1.7
1234.2 -54.3 47.5 -36.3 -26 71.3
1863.5 -295.9 497.5 23.3 -218.9 43.6
6.9 7.2 40.8
633.1 165.9 -3.4 -24.3 -13.6 1.7
1272.1 -89.1 3.4 28.2 -36.5 10
2138.1 -328.1 42.5 131.1 5.9 -66.1
7.4 6.8 31.2
639.5 166.2 -9.1 -22.5 -11.1 3.3
1274.4 -90.9 5.4 27.2 -34 8.6
2158.4 -295 33.4 92.1 7.9 -36.9
8.4 7.1 29.7
639.2 170.1 -13.5 -25 -9.1 4.2
1276.1 -92.4 5.1 28.2 -33.1 7.8
2189.3 -278.7 10.1 75 9.9 -36
8.6 6.5 27.9
637.6 174.1 -14.6 -24.3 -6 6.6
1275.6 -89 4.4 30 -34.5 10.7
2221.1 -257.4 -6.1 65.6 19.9 -24.4
8.9 6.2 26.9
632.5 177.2 -15.4 -30.2 -3.2 7.4
1270.3 -78.8 -5.7 38.3 -39.6 14.1
2247.2 -244.3 -29 54.3 19.8 -24.9
8.5 14.4 24.3
628.3 178.3 -15 -32 -2.2 9.2
1260 -58.5 -22.4 52.8 -53.8 28.3
2275.5 -222.5 -46.7 41.8 24.4 -14.3
9.4 23.1 60.8
614.4 169.8 -16 -34.2 2.9 14.3
1237.8 -23 -53.4 75.7 -73.8 45.9
2234.6 -270.5 -34.1 86.4 71.8 20.9
winner is: 18
