Regression analysis information for: common_voice_sw_38021900-04-006_0011
number of formants: 3
number of coeccicients: 5
16.7 33.5 10316.9
305.5 -23.4 37.2 -13.4 19.2 -17.7
612.9 64.3 -17.8 -12 -47.2 -54.9
1456.3 665.3 20.3 -81.7 386.8 -6.3
24.6 32.5 215.4
313.9 -33.5 32.6 4.5 -3 -0.5
624.3 52.9 -38 -11.3 -72.2 -62.2
1803.2 427.5 -339.3 548 -154.4 -76.5
6.2 32.9 107.8
344.7 -92.4 79.6 -25.4 8 6.2
622.4 0.1 -32.2 -27.3 -57.1 -39.3
2086.8 -49.4 98.7 203.5 -5.6 -140
5.4 28.5 18.1
345.9 -91.2 78.8 -22.6 7.9 7
628.7 -9.1 -33.7 -38.2 -57.7 -38.5
2203.6 64.6 -59.9 -10.4 -37.5 -1.9
12.8 126.8 26.7
342.6 -83.4 77.7 -21 7.3 13.3
673 128.6 71.5 94.4 67.2 94.4
2233.1 57.6 -18 3.8 -11.4 11.3
7.2 168.7 24.6
325.1 -51 59.6 -12 7.6 9.5
728.1 263.7 192.9 196.1 163.5 167.6
2259.4 63.6 9.7 21.3 1.6 31.5
3.5 151.6 18.3
317 -36.2 51.9 -10.3 12.5 1.8
789 384.3 304 283.4 226.9 192.8
2267.9 87.4 24.8 39.1 -9.8 46.3
4.2 125.9 18.5
315.7 -33 50.8 -10.9 14.8 -0.9
854.1 505.4 395.4 335.9 231.3 150.5
2266.7 124.4 12.7 46.3 2.3 23.2
12.7 158.9 11.8
310.6 -44.9 42.5 -16.6 15.1 1.5
784.7 373.7 295.1 282.6 232.4 199.2
2275.3 86.8 5.2 33.8 34.5 17.6
2.2 149.9 40.9
317.6 -34.4 49.8 -11.9 14.6 -2.1
971.4 708.1 492.7 321 94.9 -52.8
2329.1 118 37.6 11.1 16.6 -41.6
2 171.1 29.8
322.1 -34.5 40.2 -13.6 11.6 3.8
1056.3 848.3 518.8 221.8 -92.9 -227
2422.6 89.9 4.9 -53.5 17.8 -11.5
11.4 120.6 63.7
326.8 -21.4 3.7 6 5.3 15.6
1350.1 1118.5 170.1 -314.1 -154.2 95.5
2573.7 24 -45.2 -76.9 1.5 -0.2
58.4 419.2 83.9
341.4 -34.5 -14.8 30.6 3.9 -16.2
2073.9 335.8 -139.6 179.8 -237.8 -212
2668.3 -139.6 -3.7 -7.7 -89.4 -27.3
6.1 134.6 56.2
397.4 -123.7 34.4 12.4 -1.4 13.3
1979.6 469.5 -52.9 -84.7 -12.5 -127.2
2614.4 -51.7 -9.7 -55.8 -33 -25.2
5.8 102.6 112.4
393.8 -121.1 37.4 9.6 1.3 12.4
2195.1 192.7 64.7 -204.8 54.2 -45.6
2669 -141.4 65.1 -105 -13.4 -11.7
6 90.2 137.8
397.9 -125.1 33.6 14.2 -1.1 12.2
2306.1 104.6 36.2 -210.2 59.3 12
2694.9 -170.6 94.6 -104.2 -33.1 16.5
6.5 44.3 110
396.4 -125.1 35.8 14 -1.7 12.4
2437.8 -27.2 -1.2 -147.7 37.7 53.8
2774.8 -245 139 -183 -17.5 47.4
6.9 21.4 92
394.6 -124.6 38.5 13.1 -2.4 13.4
2519.5 -105 -69.1 -26.3 -9.8 25.4
2893.5 -313.9 90 -184.9 -66.6 164.3
7.6 12.7 97.5
393 -124.4 40.7 11.8 -3.3 14.7
2529.8 -105.7 -81.1 -12.6 -2.8 8.1
3014.9 -386.8 -39.4 -74.8 -83.2 110
8.1 11.7 62.9
391.7 -124 42.9 10.9 -3.8 15.9
2531.1 -103 -78.4 -12.4 -4.7 6.4
3072.7 -416.1 -121.6 -18.3 -45.7 28.7
winner is: 4
