Regression analysis information for: common_voice_sw_38021900-04-014_0003
number of formants: 3
number of coeccicients: 5
4.6 10.8 10031.4
290.4 4.9 -57.2 0.7 19 -4.7
584.4 -24.8 -27.1 9.6 27.4 -1.1
1875.7 -42.7 -20.1 -30.3 -54 3.4
2.5 9.9 10036.4
277.3 9.6 -39.9 -3.1 7.3 -1.7
573.1 -13.3 -16.2 10.9 18.4 3.7
1944 -47.4 -88.1 -1.1 -43.3 -34
2.2 9.2 10035
273.7 12 -33.3 -3.4 2.5 -1.9
569.9 -7.8 -11.1 12.1 15.5 5.5
1970.8 -44.7 -116.1 13.9 -26.2 -49.3
2.1 9.2 10051.5
273.5 14.3 -31.3 -3 0.9 -1.5
569.4 -4.2 -9.8 14.4 14.8 7.6
1964.4 -28.7 -95.6 3.1 -36.1 -38.3
3 9.9 10030.1
275.9 16.8 -29.9 -1.3 1 -2.2
569.9 -6.4 -10.5 14.5 14.6 7.6
1977.7 -27.3 -102.5 20.9 -30.2 -58.3
4.9 12 31.8
282.6 22.2 -27.6 0.8 2.3 -2.3
563 -25.8 -22.7 3.6 8.6 2.3
2034.7 -24.6 -156.5 21 -1.3 -45.8
7 112 36.9
291.3 28.5 -24.9 1.6 2.8 -2.1
716.4 272.9 266.6 261.4 225.4 166.6
2148.2 70 -116.4 89.2 84.1 45
12.7 102.9 48.1
295.5 22.9 -22.5 9 13.3 2.3
734.2 325.6 312.8 299.6 232.5 147.6
2185.4 17.7 -228 14.1 61.8 61.9
40.1 241.7 78.4
321.3 31.4 -25.8 -27.2 -15.7 -10.4
959.9 679.2 259.2 -40.2 -197.8 -62.6
2292.7 114.9 -252.9 -109.8 -90.9 -13.1
21.4 321.3 133.6
353.5 49.7 -30.7 -53.4 -41.3 -17.7
1218 744.7 319.2 -477.7 -163.7 -173.1
2360.7 10.9 -190.8 -205.4 5.5 -88.1
27.2 323 136.4
357.5 45.4 -33.7 -50 -38.9 -34.8
1257.1 746.5 386.3 -555.2 -90.7 -195.6
2504.4 141.3 -65.3 -174.3 30 -121.4
27.2 318.3 92
352.4 30.3 -7.5 -88.2 -37.2 -0.5
1478.8 177.3 629.2 -614.4 -402.3 90.1
2608.2 -76.2 37 -162.4 -50.3 -55.2
34.7 373 67.6
388.6 -2.7 -35.2 -28 -71.2 -24.7
1949.3 -112 236.8 63.3 -541.5 -67.2
2706.4 -123.6 -49.2 -53.2 -79.9 -63.1
5.4 50.9 71.7
420.3 -3.2 -89.7 -27.8 -22.3 -22.2
2266.4 -99.3 -394.1 69.7 34.6 -9.7
2740.4 -133.5 -161.9 -77.6 36.6 -4.6
5.9 58.2 74.9
421.7 -4.5 -90.4 -27.3 -23.6 -21
2200.2 -33.2 -324.2 -30.4 51.8 36.3
2721 -116.4 -107.4 -62 21.8 -16.8
6.3 48.8 40.7
424.5 -3 -88.9 -25.5 -23.9 -21.2
2210.5 -23.8 -303.6 -51.7 19.8 50
2711.9 -99.8 -39.6 -23.9 -15.5 -49.9
6.3 39.3 51.7
422.2 -2.4 -92.4 -24.7 -23.6 -21.1
2252 -37.8 -325.5 -46.3 -2.4 46.8
2738 -77.8 -35 -24.1 -7.1 -37.1
6.7 45.9 73.6
416.1 2.7 -98.3 -20.9 -22.7 -20.6
2316.1 -63 -361 -34.8 -34.7 32.4
2778.6 -52.5 -59.8 -53.4 21.6 2.9
6.3 56.3 77.4
404.8 10.9 -104.8 -16.4 -19.1 -20.9
2394 -127.6 -383.2 23 -91.9 19.6
2822 -53.6 -165.1 -153.9 4.6 -15.2
4.6 40.4 124.5
386.3 8.1 -112.5 -13.1 -6.8 -14.4
2425.6 -160.7 -374.2 22.8 -124.4 14.9
2855.7 -225.4 -332.5 -171.3 -103.1 -52.4
winner is: 6
