Regression analysis information for: common_voice_sw_38021900-04-004_0002
number of formants: 3
number of coeccicients: 5
22.5 37.1 10046.7
522.7 -45.6 -108.1 59 -41.2 34.6
906.2 -26.1 -156.8 16.5 -15.2 15.6
1661.1 -143.4 -98.2 -28.1 7.4 30.6
27.6 37.6 10035.9
516.5 -44.7 -86.9 81.4 -42.2 18.3
907.5 -24.3 -151.2 26.2 -14.1 12.5
1679.1 -132.6 -95.5 -24 2.9 26.8
20.6 47 10039.7
505.7 -16 -60.6 82.9 -50.5 5.5
891.2 11.5 -142.6 13 9.9 -14.8
1706.6 -99.2 -91.1 -5.9 -21.3 -16.7
23.4 45.7 10032
507.7 -6.2 -40.4 80.5 -47.7 12.8
895.4 33.3 -122.1 15.4 18.1 -9.9
1705 -99.4 -75.3 4.6 -1 -11.9
27.8 59.1 10044.6
511 -2.5 -35.9 78.8 -51.8 17.3
911.9 62.9 -91.9 31.6 34.9 2.4
1734.2 -76.2 -54.8 -2 -33.4 -27.2
29.4 68.3 10050
517.8 -0.5 -26.6 66 -52.3 23.5
934.2 98.3 -59.6 44.7 40.5 12.2
1775 -31 -14.5 -33.3 -50.5 -30.1
26.4 48.7 10017.3
528.2 9.6 -30.1 59.2 -47.1 24.6
1000.9 207.3 39.3 117.2 83.6 28.2
1855.3 53 38.1 -25.4 -20.7 -5.7
42.7 122.6 10031.3
548.7 17.5 -46.7 53.8 -49.7 28.3
1082.8 91.9 124 120.1 14.2 123.5
1921.1 10.1 13.6 -58.8 8 38.1
37.6 167.9 10040.5
657.7 8.9 -129.2 -66.5 -10.5 106.9
1217 -37.5 201.4 -42 80.7 196.9
1978.6 -56.4 26.5 -64.8 39.1 20.7
27.1 122.4 28.2
690 -1.9 -172 -43.1 2.2 67.2
1271.8 -29 175.9 -155.5 203.5 112.6
1982.2 -40.9 -11.4 -41.2 48.8 -11.9
28.5 142.1 37.1
693.4 -12.2 -193.2 -24.5 -2.3 62.6
1362.5 -137.8 50.5 -57.1 203 67.1
2007.4 -84.5 -31.2 -21 31 -30
27.7 129.2 40.9
697.5 -16.2 -200.4 -22.7 -4.6 64.6
1384.8 -202.6 -8.7 -20.3 186.2 89
2012.3 -95.3 -31 -21.7 35.1 -33.3
25.7 122.2 51.8
707.6 -17.1 -200.8 -29.7 -7.1 59.7
1417.7 -187 -24.1 37.7 153.8 147.7
2018.9 -93.3 -22.7 -13.1 39.4 -39
29.9 102.7 23.2
710.4 -5.1 -197 -15.7 0.5 72
1472.3 -202.1 70.6 113.2 163.5 178.5
2053.1 -111.7 11.8 26 18.2 13.3
29.8 108.4 27.4
716.6 5.6 -191.5 -15 -1.7 71.8
1435.1 -214.3 185.2 192.9 112 95.3
2059.8 -104.3 25.5 33.3 24.2 18.2
32.7 72.8 22.2
709.1 -5.5 -168.8 -10.9 -18 39.8
1406.9 -261.5 316.5 191 93.7 18.2
2060.3 -108 29.4 28 23.9 13.6
36.6 57.4 25.2
714.4 12.1 -164.6 -9.4 -17.8 48.7
1429.7 -247.1 372.5 168.3 95.2 10.1
2066.5 -101.6 41 34.8 30.9 21.1
42.6 116.8 22.4
710.9 -0.5 -160.6 -17.9 -30.3 25
1458.7 -232.7 315.9 48.2 51.4 59.4
2062.2 -116.7 33.6 21.5 25.8 12.4
47.3 164.2 89.7
701.2 -4.3 -163 -14.4 -21.2 35.2
1476.1 -216.9 335 -12.4 -0.6 26.2
2105.1 -73.3 6.4 -57.1 -23.7 19.6
26.3 88.3 30.2
699.2 33.2 -180.7 -45.7 -18.3 62.1
1314.3 -129.7 280.2 101.3 124.3 -10.1
2055.3 -103.5 25.4 20.4 25.7 10.3
winner is: 17
