Regression analysis information for: common_voice_sw_38021900-04-010_0005
number of formants: 3
number of coeccicients: 5
3.1 18.6 10037
446.7 7.8 11.4 10.1 -3 10.3
756.9 -16.1 71.9 -25.7 4.6 19.5
1118.1 -118.9 205 -65.8 85.2 20
3 18.3 10040.6
450.7 7.1 15.4 9.2 -2.6 8.1
763.4 -20.9 74.5 -23.2 -0.5 20.5
1128 -119.7 216 -67.1 86.8 22.6
4.7 18.1 10041.5
454.3 14.9 12.8 11.7 -4.9 7.4
768.9 -17 74 -24.2 -2.3 18.9
1149.3 -121.2 240.4 -69.9 92.2 24.1
5.1 20.7 10029.4
440.2 57.4 -25.9 36.7 -22.9 16.2
749.3 33.4 33.6 -7.7 -5 5.1
1084.7 13.5 150.7 -23.7 82.8 1.6
5.3 20.4 10046.7
462.5 66.2 -48.8 25.1 -14.9 18.9
777.5 47.2 -1.6 -29 5.2 19.1
1093.8 21.8 194 -40.5 43.4 -3.1
16.8 48 10121.1
494.5 58.2 -51.2 13.5 -20.1 10.5
783.1 57.4 11.7 -54 -3.8 19.7
1208.4 157.5 24.3 -215 132.2 86
20.1 20.8 10047.2
515.8 42.9 -35.2 3.3 -15.2 -4.1
882.4 -48.7 -5 -6.9 -5.2 1.8
1618.5 -161.8 -58.8 20.4 -31.9 -57.1
21.1 22.4 10051.7
518.9 37.8 -32.3 1.4 -14.8 -6.7
886.9 -56.2 -1 -7.9 -6.5 3
1619.1 -156.6 -59.5 13.2 -35.4 -56.3
21.8 24.8 10065.2
514.3 40.7 -31.7 9.6 -18 -5
883.9 -55.7 -0.2 -0.9 -9.1 3.9
1618.7 -159.1 -53.8 28.7 -26.2 -64.3
17.2 18.9 10067.6
502.1 52.8 -37.1 19.8 -16.5 -0.8
869.4 -38.3 -9.4 6.8 -5.2 -1
1616.1 -165.1 -49.1 47.1 -14.8 -64
12.9 14.3 10058.3
495.9 59.7 -34.2 25.2 -12.4 5.2
859 -24.4 -12.6 9.7 -2.1 -1.9
1613.8 -169.3 -43.5 64.9 2.5 -52.5
9.9 13 10043.2
494.3 68.2 -30.5 26.4 -9.4 11.4
854.2 -14.9 -12.2 5.9 -0.3 -0.2
1616.5 -163 -43.2 60.6 3.6 -41.8
11.3 12 10024.2
497.4 80.4 -24.4 28.4 -5.3 19.7
853.5 -6.6 -10.9 0.9 0.4 2.7
1630.4 -142.9 -53.5 28.4 -7.3 -21.1
14.8 13.7 10039.5
505.4 99.5 -15 33.4 -1 28.9
859 3.6 -4.6 1 2.5 11.5
1655.3 -118.2 -93.4 -61 -66.4 -18.9
16.5 17.7 10121.3
512.8 102.8 -10.5 29.1 -2.9 27.3
865.5 14.7 0.2 5.7 4.7 18.1
1760.4 59.6 35.9 26.5 21.7 88.6
17.6 20.7 10120.6
519.3 108.9 -6.3 29.9 -5 26.3
869.3 25.8 1.6 15.1 4.2 24.5
1823.8 161.9 103.3 66.9 41.1 99.6
19.2 23 10109.9
523.6 113.2 -4 33.9 -7.8 26.6
867.4 37 -4.1 27.8 0.4 30.1
1850 201.4 132 91.7 46.4 85.3
24.3 24.4 10092.3
523.9 125.3 -10.8 42.3 -22.4 28.6
860.9 39.9 -17.9 31.5 -10 27.9
1874.7 241 160.6 112.3 42.2 61.6
40 79.3 10193.9
544.1 114.2 12 22.4 -13.8 6.4
900.8 -34.5 51.7 -33.4 48.3 -22.3
1983.6 162 293.4 -14.8 102.5 -59.9
21.7 87.2 10190.3
582.3 46.9 68.2 -41.5 28.3 -46.3
957.3 -152.3 151.7 -141.9 133.2 -109.4
2134.4 19.1 488.2 -225.5 198.5 -258.6
winner is: 13
