Regression analysis information for: common_voice_sw_38021900-04-002_0002
number of formants: 3
number of coeccicients: 5
47.1 74 10105.3
531.3 -10.8 1.1 -58.9 -97.1 89
889.6 30.4 4.3 -59.5 -100.3 49.9
1479.8 -48.2 -10 -31.4 25 -48.2
39.4 68.1 10078.2
541.2 -14.8 0.3 -74.6 -93.3 99.2
907.4 38.6 -1.9 -71.1 -108.6 63.8
1522.3 -37.2 -6 -73.4 -19.8 -67
38.9 48.7 10057.3
544.2 -12.2 5.1 -75.9 -95.8 94.5
908.2 81.8 -8 -92.6 -117.9 20.4
1557.5 29.9 11.4 -110.8 -39.1 -109.2
39.3 46.7 10056.4
546.6 -15.5 11.1 -76 -86.6 96.7
905.4 91.9 -4.1 -93.5 -108.6 13.4
1564.3 26.6 17.7 -117.8 -29 -115.5
39.4 33.5 10058.2
548.7 -23.5 19 -82 -69.9 98.9
895.2 105 0.7 -102.5 -85.7 5
1572.4 23.6 26.9 -131.5 -9.1 -118.9
38.3 31.1 10062.2
548.5 -26.3 29.6 -79.9 -59.5 87.9
897.8 103.3 10.3 -87.9 -84.5 4.6
1588.6 14.1 42.6 -116.2 3 -119.1
53 83.2 10083.2
565.2 -46.2 34 -63.8 -64.2 82.2
933.3 46.5 44 -63 -108.1 10.3
1620.3 -1.1 49.1 -87.5 17.5 -122.4
55 103.2 10083.4
590.7 -72.9 43.4 -61.4 -66.4 82.4
1009.6 -74.7 113.3 -62.7 -164.3 80.2
1717.9 -110.2 98.2 -43 -39.2 -17.2
62 128.2 10092.9
623.2 -86.7 24.8 -66.1 -41.6 85.3
1070.7 -135.7 133.2 -131.9 -95 85.2
1761.3 -145.8 98.8 -78.6 12.4 -23.2
63.2 149.4 10097.1
648.7 -85.4 -14.5 -69.9 -4 86.5
1145.2 -167.9 61.2 -163.5 16.2 75.8
1790.4 -165.9 98.1 -99.3 50.8 -31.5
73.8 158.2 10111.2
670.5 -62.4 -0.8 -66.3 -5.3 69.7
1216.8 -165.5 74.2 -187.4 58.5 57
1828.6 -142.8 119.3 -119.4 52.4 -43.5
71.9 159.9 10121.9
666.8 -62.8 15.4 -94.2 -5.1 74.3
1229.3 -193.5 113.1 -239.7 57.2 59.6
1841.7 -158 120.3 -129.3 43.3 -66.3
69.9 154.3 10132.2
654.5 -48.3 43.3 -102.1 -21.4 63.2
1186.3 -123.6 155.7 -300.9 65.9 61.4
1849.7 -103.6 128.9 -159.5 69.9 -68.3
73.9 162.2 10167.2
652 -40.6 45.9 -111.2 -17.8 71
1186.4 -112.6 169.4 -307.5 61.3 50.9
1857.9 -68.1 157.6 -129.1 59.3 -114.5
91.7 236.8 239.9
711.5 -32.5 5.5 -48.6 -34.3 -8.1
1335.2 -159.5 -11.8 -140.5 22.7 -125.5
2055.7 -81 -23.3 43.1 -3.1 -315.1
73.9 164.4 228
751.2 4.8 12.8 -37.4 -45.4 -31.9
1435.5 -145.5 -49.6 -124.4 85.8 -197.5
2144.9 -3 3.4 19.6 -19.5 -370.7
63 142.5 195.5
766.8 13.6 2.2 -39.1 -46.9 -36.9
1502 -96.9 -22.2 -81.8 118.8 -188.1
2160.9 52 77.3 13.2 -57.3 -338.1
54.8 147 173.2
778.6 22.4 3.8 -46.2 -66.4 -42.8
1527.3 -107.5 -17.4 -87.3 88.5 -185.7
2196.1 70.1 67.9 14.2 -90 -352.1
47 142.8 158.5
789.1 29.7 1 -57.3 -92.4 -51.6
1536.5 -118.3 -43.5 -110.3 34.6 -203.6
2251.3 91 51.9 20.2 -151.8 -378.8
39.8 130.8 161.3
796.4 35 2.3 -64 -113 -57.3
1540 -116.3 -75.5 -99.7 -4.2 -215.1
2298 105.6 30.8 38.8 -188.2 -426.6
winner is: 20
