Regression analysis information for: common_voice_sw_38021900-04-008_0005
number of formants: 3
number of coeccicients: 5
10 11.7 10020.2
496.5 -6.8 -14.1 -15.7 -19 -14.3
721.7 -67.2 -65.8 -33.4 -19 -20.4
1680 -302.4 -44.3 -13.5 62.6 -1.9
10.4 16.5 10078.6
496.1 -4.8 -12.3 -14.6 -17.9 -14.2
705.3 -69.3 -57.8 -17.3 -4.5 -22.9
1611.2 -359.3 60.9 103.3 20.3 -107.2
10.1 8.3 10046.9
493.9 -8.3 -16.4 -18.8 -20.5 -15.5
697.5 -80.1 -67.2 -29.2 7 -4.8
1674.5 -329.2 -31.8 26.9 67 5.7
8 6 10015.2
497 -1.3 -10.4 -13.9 -15.5 -11
698 -70.8 -76.6 -40.9 3.3 5.6
1704.8 -306.2 -60.8 -30.2 51.7 36.7
7.2 9.5 10016
497.1 -0.8 -10.7 -14.4 -15.3 -10.6
701.6 -65.9 -84.4 -52.9 -0.4 9.2
1719.1 -293.8 -69.9 -57.3 31.8 40.6
6.9 9.4 10016.1
493.1 -6.8 -15.2 -18.3 -18.8 -11.7
688.6 -76.5 -72.1 -40 2.9 12
1704.6 -309.1 -65.3 -36.9 53.1 46.5
8.4 15.2 10018.2
497.9 -3 -11.3 -16.3 -17.7 -11.5
720.1 -58.8 -84.6 -75.7 -25.3 3.5
1733.9 -272.9 -74 -79 2.2 23.9
8.9 18.6 10019.2
497.6 -9.8 -13.8 -19.2 -21.8 -13.2
727.6 -80.8 -73.8 -73.1 -31.3 5.7
1741.3 -287.6 -69.6 -73.3 -1.9 31.8
9.7 11.9 10017.1
497.1 -15.1 -14.2 -19.7 -24.6 -15
727.1 -110.3 -52.3 -49 -29.8 2.4
1742.8 -296.4 -64.4 -65.9 -0.4 34.1
14.3 11.2 10015.5
494.7 -24.1 -20.5 -25.3 -30.9 -21.4
743.7 -116.2 -44.5 -47.6 -41.1 -6.3
1751.6 -286 -62.4 -74 -12.8 20.8
19.5 17.3 10014.9
481.9 -51.7 -46.1 -42.5 -42.5 -25.5
753.4 -118.9 -57.7 -46.5 -55.1 -7.5
1755.5 -293 -63.9 -67.5 -14.3 23.8
0.5 26.2 10007
515.2 9.3 8.3 4.5 -3.5 -0.8
944.8 231.6 196 107 10.6 -23.8
1788.8 -227.9 -30.2 -59.1 -20.6 0.8
0.5 15.1 10008.7
517.7 9.1 5.5 4.2 -2.1 -0.9
958.9 226.7 176.2 88.8 0.2 -23
1787.3 -236.8 -43.5 -71.9 -32 -10.1
0.6 13.2 10007.7
520.1 9.1 3.3 4 -1 -0.9
982.2 235.3 163.6 70.7 -15.4 -31
1789.1 -247.8 -47 -70.6 -31.5 -4.5
0.7 10.9 10008.2
522 7.1 2.1 3.8 0.2 -0.7
987.9 226.5 155.7 71.3 -8.8 -20.8
1800.4 -225.3 -33.3 -65.3 -26.7 -5.2
0.9 23.2 10138.5
523.5 5.5 1.6 4.2 1 -0.3
978.6 244.5 161.7 82.5 -2.3 -16.1
1887.3 -61.7 145.5 110.8 149.3 159.6
34 204.3 10008.4
506.3 6.8 -34.6 8.8 -33.4 6.5
911.1 249 -186.2 56.8 96 -183.2
1772.2 -270 -63.2 -79 -26.8 5.8
3.2 89.8 35.2
523.4 -3.4 -2.5 0.4 -1.9 -3.1
1417.7 -665.9 3.2 143.2 -23.9 -167.4
2097.4 -712.7 21.1 42.9 -115.1 -15.2
14.7 106.4 43
516.1 -19.8 -17.9 -13.5 -15.9 -15.2
1381 -706.6 -9.6 137.5 -49.6 -182.7
2146.1 -732.5 -95.7 109.6 -49.1 -77.1
0.5 106.6 88.6
526.1 -1.4 1.7 4.6 1.5 0.7
1364.9 -684.2 56.5 147.1 -85.2 -183.3
2179.4 -735.2 -148.4 148.3 -15.9 -147.4
winner is: 18
