Regression analysis information for: common_voice_sw_38021900-04-002_0001
number of formants: 3
number of coeccicients: 5
27.1 25.1 82.4
535.1 -37.1 -150.7 -18.5 50.4 -20.7
905 -201.8 -54.9 8 -19.9 -49.4
1435.1 -31.3 -38.8 5.6 -123.8 -134.8
29.1 34.3 88.9
547.5 -25.7 -162.7 -50 54.1 2.7
900.8 -195.9 -45.1 -10.3 -17.1 -29.8
1441.2 -31.2 36.5 -35.2 -127.6 -123.6
25.7 22.5 30.7
551.7 -30.6 -166.1 -55.3 56 9.3
920 -201.1 -75.8 -11.7 0.7 -22.1
1500.5 -22.3 -68.1 -59.9 -48.9 -47.7
25.3 20.5 5.7
556.5 -15.4 -165.2 -52.8 52.7 16.7
927.2 -191.9 -84.5 -13.8 6.6 -10
1571.4 110 48.9 31.5 22.9 -1.9
25.2 15.8 10004.6
571.3 -27 -150.9 -57.3 47.6 20.5
924.1 -207.9 -47.6 -8.7 -14 -15.3
1574.3 109.8 50.9 32.3 18.5 -2
21.4 16.2 10003.7
574.2 -37.2 -151.7 -53.6 40.1 19.1
921.6 -219 -42.4 -2.4 -21 -22
1576.9 110.7 53.9 34.4 17.2 -3.1
16.6 16.3 10003.2
576.9 -32.5 -156 -59.2 22.5 20.6
917.7 -215.3 -39.1 -0.9 -30.1 -16.8
1575.9 110.5 52.9 34 13.5 -2
14.1 18.7 10002.7
583.8 -33.2 -163.6 -59.6 13.3 18
920.5 -216.7 -45.9 2.6 -25.1 -15.2
1577.2 110.6 49.9 32.4 10.5 -4.2
13.3 21.6 10003.1
592.3 -34 -171.2 -57.1 9.9 11.1
927.4 -217.3 -58.8 0.9 -13.1 -9.6
1579.7 111.9 47.7 31 8.8 -7
13.4 25.3 10003.8
603 -41.7 -174.1 -50 6.2 6.6
935.3 -219.9 -70.1 -2.8 1.9 -4.7
1582.2 112.3 48.6 30.5 8.8 -9
16.9 32 10003.2
609.8 -52.8 -178.6 -37.8 8.4 5.9
946.1 -221.6 -91.2 -13.3 21.8 2.1
1585.2 115.7 53.5 31.8 11.1 -9.5
26.6 31.3 10003.5
619.7 -65.7 -161.7 -13.5 18.9 11.7
941.9 -230.5 -106.5 -32 33.4 2
1589.4 123.8 62.9 36.9 15.3 -10
46.8 30.7 10003.4
635.9 -85.4 -152.9 -4.2 21.5 4.2
927.3 -248 -145.9 -67.6 59.8 -2.8
1594 136.4 74.5 44.1 21.1 -8.6
76.6 174.3 10166.4
654.9 -47.7 -144.8 -43.4 35.4 -7.4
1200.5 212.2 104 18 114 49.1
1777.1 419.8 150.3 -66.5 -142.2 -79.1
39 107.5 240.2
750.3 -83 -110.8 9.1 -80.3 2.3
1396.3 281.7 105.7 49.6 -72.3 52.5
2063.8 197.9 122 40.9 -608.9 155
16.2 77.4 203
781.9 -129.5 -94.8 17.4 -96.5 18.6
1467.1 225.8 25 75.1 -62.5 83.9
2215.9 99.5 76.1 91.3 -598.9 269.2
33.2 46.9 121.9
777.3 -119.2 -104.7 19.5 -89.4 3.6
1501.2 224.6 -42.1 129 -43.1 50
2369.3 179.3 -245 145.6 -274.3 202.7
21.5 48.3 156.2
792.8 -153.6 -86.4 8.2 -87.4 15.5
1522.5 228.4 -12.5 131.5 -39.9 60.1
2500.1 163 -195.1 202.9 -178.4 244.1
25.3 43.1 180.7
787.1 -145.1 -96.8 17.4 -94.6 19.7
1537 248.3 7 139.3 -33.9 55.1
2603.6 193.8 -214.3 264 -128.9 273.2
27.6 47.1 207.6
791.1 -157.7 -88.8 12.2 -91.5 21.5
1554.6 246.3 31.4 134.6 -31 51.3
2715.8 162.4 -158.6 269.9 -101.5 281.1
winner is: 4
