Regression analysis information for: common_voice_sw_38021900-04-006_0010
number of formants: 3
number of coeccicients: 5
18.5 13.7 10039.6
377.8 -6.4 -32.2 1.2 -47.3 -14.1
792.9 -14.9 -43.6 -31.4 -10.6 -30.3
1395 -190.2 -12.6 -5.7 -30.4 -12.1
20.8 14.5 10036.3
385.6 -1.5 -27.1 -1.5 -50.5 -18.9
797.1 -12.9 -39 -31.4 -7.8 -31.9
1437.1 -173.6 -33.5 -6.1 -11.6 -18.2
77.5 65.1 10041.8
458.6 43.5 -70.5 -0.3 32 3.9
844.2 13 -83.4 -32.4 68.3 -1.4
1514 -145.2 -62.8 -5.5 27.4 -9.1
75.9 38.3 10020.8
516.2 86.8 -127 -23 69.6 47
855.9 49.1 -63.4 -10.7 77.7 28.6
1553.3 -130.3 -96.5 -32.7 27.7 15.5
60.5 49.2 10015
520.1 79.5 -161.5 -33.9 65.4 61.6
871.2 55.8 -101.9 -36.2 85.8 55.3
1565.2 -124.8 -116.5 -26.9 1.7 29.8
68.6 101.4 10019.8
511.4 43.5 -143.5 -56 17.4 83.9
901 9.5 -117.4 -61.8 87.7 90.8
1581.3 -157.4 -110.3 -22.8 -19.1 48.7
90.3 146.9 10038.9
526.9 10.7 -109.7 -77.5 -36 117.9
940.7 -16.6 -110 -132.2 22.6 150
1614.1 -176.5 -126.4 -33.6 -2.1 42
63.7 144 10054.1
596.7 -20.6 -103 -152 -20.8 85.3
1071.7 -121.3 -15.2 -304.9 63.8 54.4
1653.8 -231.7 -89.4 -73.3 40.8 7
57.2 128.5 14.2
640.3 27.4 -79.2 -166.9 -32.9 29.7
1105.8 -74.8 -16.1 -344.7 31.1 -8.7
1653.4 -241.8 -34.3 -89.6 6.1 -8.6
46.2 151.8 98.9
709.5 39 -111.2 -70.8 -6.4 -44.9
1323.2 -40.2 -108 -95.1 164.7 -193.3
1719.7 -261.5 -126.5 -11.6 73.3 -112.6
47.6 177.8 53.5
703.2 32.3 -98.3 -32.8 -15.8 -73.9
1330.7 -60.4 -86.2 -73.2 168.6 -275.1
1709.3 -255.5 -60.9 -47.2 28.1 -59.7
64.2 169.2 85
682.9 50.5 -86.6 -3.2 -34.9 -83.5
1213.7 226.2 -249.8 133.5 118.9 -285.1
1727.1 -189.3 -142.8 19.8 114.6 -63.1
64.9 182.9 99
677.2 44.8 -89 27.3 -53.4 -93.6
1225.3 89.9 -279.9 133.3 94.6 -306.8
1758.4 -218.5 -194.6 44.5 132.3 -43.1
65.8 258.6 10205
686.7 47.7 -123.9 0.5 -25.8 -83.5
1267.1 -151.7 -298.1 170.4 146.8 -72.1
1958.8 -301.4 -405.3 -29.7 274 123.6
128.9 272.8 10216.4
619.9 36.6 -3.6 -16.5 -133.1 -51.4
1185.2 -311.5 -69.1 194.9 -62.2 109.4
1931.6 -437.2 -217.9 145 36.1 62.6
70.7 187.9 10190
676.5 -1.6 -45.2 -27 -90.3 -59.2
1274.7 -492.3 92.6 53.7 76.1 -20.7
1975.1 -529.4 -152.6 100.1 96.2 -28.7
45.7 120.4 163.8
722 -1.8 -104 -47.6 -45.7 -27.7
1409.6 -474.9 -125.2 13.9 145.2 64.9
2141.8 -498.7 -465 18.9 193.8 121.9
27.9 91.6 170.6
738.4 -7.2 -115.4 -40.6 -48.1 -35.1
1457.9 -471.4 -199.4 -23.3 98.6 68.5
2220.5 -482.2 -545.4 -68.8 121.7 153.3
52.3 109.8 312.5
716.3 -47.6 -130.3 -34.5 -24.2 -15.6
1505.1 -400.5 -177 -42.3 80.3 87.1
2369 -230.6 -392.2 -123 70.5 167.7
30.6 44 197.3
745.4 19 -112.3 -30.9 -51.6 -26.7
1600.4 -229 -125.6 -48.6 -49.9 -10.2
2712.1 276.5 -141.7 -93.2 -222.3 -229.5
winner is: 9
