Regression analysis information for: common_voice_sw_38021900-04-012_0005
number of formants: 3
number of coeccicients: 5
1 4.4 10014.4
366.7 2.6 -9.9 -2.9 -3.7 -0.8
743 34 -9.5 -5.6 -9.3 -4.3
1357.9 -45.7 -31.3 12.6 -10.6 -25.5
1.1 3.6 10005.1
368.7 2.9 -12.4 -2.6 -3.3 -0.9
748.4 39.6 -10.4 -6.1 -8.7 -3.1
1386.9 -16.3 -45.2 -3.1 0.2 -0.2
1.3 2.4 10006.4
370.5 1 -14.9 -2.9 -2.3 -0.2
747.5 33.7 -18.3 -11.5 -9.2 -1.8
1384.6 -31.8 -54.6 -10.8 -0.8 6
1.4 3.2 10004.5
376.3 -4.8 -15.5 -0.4 -2.7 -0.9
751.4 31.7 -18.5 -10.6 -8.4 -2.9
1392.7 -49.6 -55.3 -13.8 -10 -0.3
1.2 4.5 10014
386.6 -11.1 -20 -1.8 -3.2 0.7
763.6 46.1 -23.9 -22.1 -14.8 -6.7
1429.2 -18.1 -36.8 -22.8 -31 -15.6
5.5 6.6 10012.7
401.3 -24 -12 -13.1 3.2 -5.4
777.2 82.7 -18.8 -14.7 -17.9 -1.6
1460.8 12.1 4.8 -5 -10.5 -8.4
26.5 40.6 10009.5
413.5 -49.6 17.6 -41.2 26.4 -31.2
808 55.1 47.4 -67.8 43.6 -61.7
1495.5 44.7 62.7 28.2 21.1 20.8
19.6 49 10009.4
468.2 -134.7 43.7 -0.6 -39.7 35.7
927.6 -141.9 150.3 -31.7 -57.8 76.1
1501.2 33.4 67 35.1 18.5 25
33 80.2 10009.3
462.1 -116.3 24.4 11.9 -46.7 41.6
905.6 -76.4 57.3 94.8 -182.3 176.9
1497.3 36.7 56.2 37.3 15.1 29
33.5 100.1 10117
472.3 -121.9 1.7 32.9 -51.4 19
900 -50.6 -39 175.4 -211 65.4
1547.6 -0.3 -4.6 129.6 -9.3 -51.6
49.8 91.8 10183.9
415.8 -47 25.1 -58.1 17 21.4
806.6 59.4 -6.3 48.8 -116.8 61.1
1601.4 -108.2 47 176 -178.1 142.4
65.9 115.5 10243.4
430.7 -44.6 -34.2 7.4 -12 -4.8
813.4 81.7 -99.3 92.7 -32.4 -125.4
1643.6 -65.9 -169.1 287.2 30 -242.6
77.9 160.8 10337.4
480.9 -87.6 -65.6 40 -5.9 -36.1
945.1 -76.2 -79.2 67.9 123.5 -275.5
1947.3 -427.8 -173.2 201 391 -547.8
49.4 110 215.2
534.8 -131.3 -77.6 19.2 33.3 -39.2
1160.8 -335.8 -40 114 72.6 -128.4
2421.1 -987.7 -120.2 259.2 315 -222.5
6.1 74.1 145.1
568.9 -141.8 -92.3 9 10.2 15.5
1235.4 -332.8 -96.5 62.7 80.1 12.4
2623.4 -1019.2 -275.7 111.8 319.8 154.5
7.4 73.8 200.5
584.4 -127.1 -93.4 -7.3 -3.3 13.8
1306.3 -255.3 -146.5 -67.4 3.3 58.4
2817.5 -714.2 -456.4 -410.5 -42 114.3
5.3 96.6 158.1
590.5 -114.3 -92.6 -12.3 -12.1 6
1363.5 -164.2 -118 -108 -115 -95.2
3147.7 -183.5 -94.7 -283.2 -217.8 -186.8
5.2 15.1 15.5
591.8 -108.9 -84.5 -16.6 -13.8 3.4
1446.6 -8.8 34.2 37.1 24.4 32.1
3300.7 39.9 99.4 -12.8 14.6 -8.9
5.2 15.6 11.9
579.7 -106.5 -78.5 -15.6 -11.3 6.1
1450.7 -1.8 41.5 40.4 27.5 34.3
3332.3 15.6 71.1 18.6 10.3 -2.6
4.2 15.4 7.5
564.3 -102.9 -69.2 -16.2 -8.2 5.1
1446 2.4 48.4 36.3 28.7 35.8
3362.4 -11.1 47 42.9 -1.2 5.8
winner is: 20
