Regression analysis information for: common_voice_sw_38021900-04-010_0013
number of formants: 3
number of coeccicients: 5
72.3 21.6 10057.5
542.9 -38.5 -303.1 81.7 -18 2.6
888.8 -105.7 -58.4 -34.3 31.8 12.9
1517 -194.2 -99.7 -13.2 54.9 -22.5
61.7 22.9 10030
548.9 -43.1 -314.4 78.4 -35.2 13
920.8 -123.4 -108 9.7 38.4 -17.8
1530.8 -200.4 -114.4 -1.5 9.3 17.6
68.2 22.9 10035.5
559.2 -40.9 -306.9 86.5 -42.4 20.1
906.7 -124 -84.8 17 30.7 -21.6
1543.6 -204.7 -83.4 -6.2 19.6 -12.4
62.5 57.4 10010.3
586.1 5.9 -327.2 25.3 -98.9 -8.6
938.7 -98.2 -93.9 -27.2 -24.3 -31.8
1569 -178.6 -90.9 -44.8 -11.4 -6.4
65.2 81.6 10049.8
594.5 40.6 -325.9 13.2 -118.1 -52.5
965.9 -121.7 -96.5 -13.5 -63.3 -15.7
1599.5 -201.9 -79.1 -18.8 -53.6 30.4
75.8 116.5 10086.9
654.1 106.5 -246.9 77.9 -113.9 -26.2
1012.1 -116.6 -53.9 35.4 -105 7.7
1627.3 -223.6 -61 4.3 -89 71
90 126.3 10107.7
618.4 108.1 -271 75.7 -101.4 -63.2
1000.9 -108.9 -6.1 86.7 -88.7 29.4
1636.5 -216.2 -51.2 37.6 -86 79.4
100.2 106.8 10129.7
608.7 63.8 -181.6 45 -167.4 70.1
969 -206.6 44 119.6 -133.1 102.8
1667.6 -286.3 -62.9 57.3 -135.6 92
109.4 102.3 10182.1
588.3 93.3 -146.5 52.3 -140.6 102
979.6 -189.5 68.2 148.4 -113.9 135.2
1689.9 -168.1 26.2 114.2 -25.4 135.7
103.7 97.1 10100.2
583.5 63.2 -202.6 45.6 -184.7 89.5
987.9 -274.2 13.1 161.3 -188.5 110.6
1638.7 -251.4 -65.1 25.3 -84.4 53.5
61.1 95.1 10168.1
736.3 -184.6 33 -123.3 -89.2 42.6
1138.5 -507.1 207.8 63.8 -104.1 65.6
1938.6 -554.9 243.2 60 -31.8 108.2
59.6 120.6 10253.6
730.8 -214.3 -14.8 -76.7 -88.3 6.4
1192.2 -507.8 167.8 153.7 -71.3 -7.1
2063.1 -604.9 272.8 170.6 28.3 -6.5
93.5 105.8 231.8
704.3 -236 22.6 16.7 -61.6 -24.8
1260.3 -494.1 90.3 230 43.8 -51.3
2219.8 -600.2 224.5 358.8 161.8 -0.1
38.7 46.3 176.3
796.7 -142.7 -56.4 -57.9 -45.2 -2.9
1539.2 -218.8 -111.6 -72.3 -28.4 -9.1
2721.3 106.9 -184.5 -122.6 -112.2 28.3
25.9 24.3 111.3
807.2 -120.8 -43.8 -50.3 -47.7 -13.7
1551.8 -189.9 -86.1 -58.9 -27.1 -18.8
2630.1 50.3 -162.4 -120.4 -219 -59.4
6.6 9.5 60.9
820.8 -94.1 -18.4 -28.5 -24 7.8
1561.2 -167.7 -66.2 -42.3 -9 -2.5
2702.1 171.9 11 -10.3 -119.7 -4.2
6.2 9.8 50.1
820.8 -98.1 -19.9 -31.6 -26.3 5.3
1561.2 -170.4 -69 -43 -10 -3
2741.5 162.1 28 -41.9 -101 10.3
26.7 20.8 121.8
810.6 -126.9 -37 -54 -47.1 -13.6
1556.6 -191.1 -90 -56.6 -22.4 -18.7
2825.2 58.5 -34.7 -142.8 -85.2 -51.1
7.6 9.1 36.6
822.6 -107.6 -8.9 -34.6 -26.9 4.5
1569.9 -172.8 -74.1 -40.6 -9 -5.7
2947.2 45.8 104.4 -118.8 55.8 45.8
30.5 29.4 142.2
808.5 -141.3 -30 -60.9 -51.2 -16.6
1557.7 -203.3 -100.4 -62.7 -32.6 -28.7
2949.9 -102.8 19.9 -210.5 -50.8 -3.3
winner is: 19
