Regression analysis information for: common_voice_sw_38021900-04-010_0012
number of formants: 3
number of coeccicients: 5
30.5 11.8 10066.4
435.4 2.4 -127.6 -51.3 -13 31
754.9 -46.9 -48.2 14.8 3.7 22.2
1501 33 -100.2 7.5 -129 -52.6
19.2 9.2 10066.3
411.2 0.5 -106.5 -56.2 -5.1 46
752.2 -48.4 -44.9 16.8 5 20.7
1456.4 35.6 -71 15.4 -135.4 -95.5
14.4 7.6 10059.5
412.6 -10.8 -108.6 -36 8.8 40.3
751.3 -48.7 -44.8 19.7 4.7 19.2
1448.2 -38.2 -63.4 111.2 -65.9 -110
32.1 63.6 10081.2
447 -40.2 -102 -80 58.3 25.8
779.8 -104.4 10.7 -39.9 58.9 -36.4
1535.6 -68.1 -102.9 8.6 5 -36.3
48.3 48.7 10073.5
528.4 -211.8 -66.8 -75.8 -2.6 105.7
838 -208.8 64.8 -39.5 27.2 -1.2
1568 -32.5 -99.8 -46.8 -4.4 -65.2
67.8 93.6 10005.5
635 -61.6 50.3 22 22.9 118.9
985.3 11.9 274.8 95.5 57.4 7.3
1677.4 67.2 11.8 -17 -2.4 -2.6
41.3 59.1 10005.1
656.6 -22.8 60.5 -13.5 -37 66.7
1005.8 -25.4 227.7 26.5 -42.3 -38.3
1680.2 64.6 12.4 -20.1 -3.4 -5.7
57.3 60 10008.8
632.8 2.2 71.3 -46.1 -3.7 55.3
985.3 13.4 238.8 -34.7 10.1 -103.6
1677.6 70.4 7.5 -17.4 -5.5 -3.9
66 121.6 10164.9
604.6 35.6 66.9 -61 36.7 -0.3
1015.5 0.6 231.3 3.7 -7.4 -154
1761 -48.4 13.6 48.6 -51.8 -62.8
58.1 173.2 10237.4
623.8 20.5 27.7 -7.8 39.8 -57.4
1040 34.2 121.9 125.3 9 -283.9
1848.1 -162 8 52.2 58.8 -269
57.6 182.1 10236.1
635.1 2.2 -5.1 48.9 44 -57.4
1066.2 43.2 51.7 247.1 -20.5 -294.9
1856.1 -142.4 -73.3 151.6 -8 -230.9
74.9 198.9 10293.1
638.9 9 -3.8 40.6 22 -46.8
1105.6 49.4 64.6 271.6 -95.5 -308.2
1917.5 -134.3 -63 134.4 -124.9 -254
99.2 204.1 222.4
637.3 -24.3 -8.7 84.5 14.4 -11.2
1149.8 -49.7 46.5 377.9 -90.3 -239
1947.2 -276.3 -42.3 237.8 -172 -57.6
45 263 295.8
687.2 -57.6 -26.4 75.6 -6.8 -32.1
1305.3 -162.6 -117.9 241.8 -43.7 -247.4
2182.1 -371.8 -69.3 131.6 -185.3 -5.2
56.7 261.4 344.8
672.6 -135 -64.7 35.9 -11.6 -30.1
1398.9 -282.2 -138.1 70.1 -16.4 -164.1
2495.8 -288 121.5 10.5 -274.4 -102.6
17.6 78.6 150
699.3 -109.3 -84.4 -4.7 -19.2 11.3
1475.4 -243.9 -317 -217.3 -164.7 -56.1
2582.9 -253.9 -183.2 -338 -429.8 2.3
37.4 116.2 222.7
691 -124.7 -93.6 -7.1 -12.9 26.2
1507 -187.4 -258 -158.7 -104 -3.8
2736.1 -185.8 -261.7 -138.7 -230.6 -76.1
51.8 123.3 270.7
703 -43.1 24.7 11.3 -49.6 43.8
1589.3 105.7 117.7 -27.5 -148.9 51.3
2858.8 102.1 6.4 -106.3 -344.7 -77.7
40.9 97.2 201.7
712.7 -46.8 5.7 24.9 -37.2 22.4
1612.7 96 72.6 -5.3 -111.9 17.7
2868.7 -5.8 -133.4 -103.7 -287 -141.2
7 8.5 54.5
729.5 -42.5 -35 34 -3.8 18.6
1662.6 90.5 -21.2 5.5 -17.1 1.8
2990 -107 -280.5 -135.3 -14.9 -101.5
winner is: 20
