Regression analysis information for: common_voice_sw_38021900-04-006_0006
number of formants: 3
number of coeccicients: 5
6.1 4.1 10013.7
408.5 61.4 -30.9 41.9 -12.3 -4.3
657.4 37 28.8 -30.6 16.2 -1
1243 32.6 7 -41.4 9.7 -15.5
6.3 4.7 10011.4
452.2 60.9 -24.9 70.4 -13.4 9.7
647.1 39.7 22.1 -42.3 22.7 -10.7
1280.6 32.3 23 -66.2 28.1 -29.7
9.6 8.5 10018.2
460.3 71.6 -51.7 51.7 -9.3 6.4
651 34.9 26.8 -38.9 25.9 -9.4
1297.4 26 10.3 -87.9 25.3 -14.7
15.9 23.7 10018.6
488.6 100.4 -66 28.7 -16 11.4
687.5 7.8 -48 5 71.1 -41.1
1278.9 58 63 -161.2 -4.3 42.4
17.1 25.8 10052.4
533.8 112.5 -34.1 31.6 -50.9 19.9
798.6 -98.1 -135.7 79.4 -5.8 29.1
1600.7 -183.2 -260.2 50.9 -24.5 54.2
26.7 15.3 10014.2
552.2 95.6 -8.7 31.5 -41.8 38
960.6 114.2 -6.5 109.5 -23.8 18.6
1788.9 -22.5 -48.5 30.3 -25.1 26.6
28.4 18.5 10002.3
556.9 92 -6.4 28.8 -42.3 38.9
981.8 123 -8.3 98.9 -37.3 12.8
1799.1 -48.2 -31.9 10 -7.6 7.3
27.9 27.7 10002.3
568.2 67.8 18.9 7.6 -27.5 26.2
972.6 119.3 22.1 105.9 -60.1 10.4
1804.4 -53.3 -28.6 8.7 -7.9 7.7
2.3 33.7 10002.7
577.7 40.9 47.1 -22.1 -0.7 -2.5
955.8 100 71.9 84.9 -55.1 -0.7
1810.6 -58 -20.2 4.8 -6.2 7
21.7 17.6 10000.9
539.5 109.8 -6 24.9 -41.6 34
862.5 199.7 42.4 76 -14 -34.1
1803.9 -48.1 -25.1 6.8 -6.3 6.8
6.7 9.5 10003.8
521.4 126.8 -7.8 17.7 -32.6 15.8
840.5 172.3 60.9 86.9 28.8 -12.2
1789.7 -36.2 -31.4 6.5 -0.8 2
5.3 10.1 10004.9
517.6 124.8 -11.2 14.9 -27.7 12.6
830 136.3 42.3 85.5 37 5.4
1786 -37.9 -35.6 4.8 1.7 -0.2
11.1 8.4 10003.5
523.8 110.7 -15.8 17.4 -26.4 18.3
817.2 105.8 12 74.9 21 5.3
1791.8 -46.5 -36.2 4.1 -1.8 1.6
18.9 11.4 10002.6
530.9 105.9 -34.3 27.3 -37.4 32.6
806.9 112.1 -1.9 69.5 13.8 -8.5
1796.9 -56.9 -37.6 2.6 -4.6 1.8
40.3 125.4 10120.6
544 82.7 -33.2 14.1 -24.9 12.4
851.4 31.8 102.2 -31.7 94.7 -84.2
1856.4 -183.9 65.8 -96.2 70.4 -61
3 104.3 10120.8
599.5 11.1 29.4 -36 0.9 -4.1
993 -287.4 428.6 -162.4 94.2 -6.1
2068.6 -556.9 360.1 -241.8 92.5 40.8
58.2 100.5 60
582.2 -10.8 36.6 22.8 69.4 46.9
1552.5 -441.8 -272.9 -15.6 113.1 152.8
2239.8 -504.8 -12.4 -145.4 118.3 46.4
3.4 50.9 40.6
616.8 34.1 32.5 -23 1 -1.3
1656.1 -254.3 -248.7 -141 -109.6 -63.5
2391.9 -441 -91 -257.8 -16.4 -72.9
3.8 45.3 43.6
622.1 35.2 36.7 -24.1 0.4 -0.8
1672.8 -222.6 -214.2 -117.5 -89.1 -59.2
2569.6 -497.2 -155.7 -271.4 -101.3 -106.8
3.5 29.7 66.1
624.5 39.8 40.1 -21.5 2.1 0
1728.8 -121.4 -124.5 -51.3 -53.7 -46.1
2767.6 -414.9 -176.2 -242.9 -143 -128.1
winner is: 19
