Regression analysis information for: common_voice_sw_38021900-04-006_0007
number of formants: 3
number of coeccicients: 5
13 46.2 10005.7
329.7 122.9 42.8 28.7 4.6 -14.8
603.9 266.2 212.6 97.7 50.6 -30.7
1146.1 56.7 -25.9 7.1 27.4 7.5
29.1 97.6 10141.8
365.1 73.5 53.1 59.6 -50.3 28
695 18.1 191 211.8 -124.6 111
1409.5 -311.7 12.8 277.2 -338 259.2
59.2 153.9 335.5
365.1 63 63.2 76.7 -103.2 -6.6
831.7 57.2 62.2 145 -217.2 -11.7
1748.3 -288.7 -236 131.6 -617.3 7.4
20.2 54.1 216.9
443.1 63.3 -14.7 21.5 -25 19.3
1021.3 149.5 -91.4 23.2 -72.2 43.1
2146.1 -161.8 -622 -176 -331 72.1
16.5 56.4 90.7
448.3 25.1 1.6 -4.5 3.4 7.3
1029.5 68.7 -49.5 -3.7 0.6 51.7
2226.7 -300.5 -443.1 -320.3 -191.2 -70.2
1 6.8 2.6
455.1 39.4 8.8 -0.5 -2.8 -1.9
1071.3 112 -21.4 12.1 -16.7 19.8
2498.8 197.2 -9.6 16.8 0.1 10.1
0.9 7.1 4.4
455.1 39.1 9.3 -1.2 -2.1 -2
1081.9 112.4 -35.4 17.1 -13.2 23.4
2509.2 193.8 -24.1 20.2 -7.1 9.4
1.1 22.5 5.5
453.5 38.2 9.9 0.3 -0.1 -2.1
1072.1 125.8 -33.7 -15.2 20.5 19.2
2527.4 177.9 -29.5 23.4 -12.7 10.5
1.5 56.3 6.1
451.1 38.8 10.3 1.8 1.2 -3.1
941.5 234.7 38.2 -104.4 98.4 -6.4
2546.7 174.6 -31 25.9 -12.2 13.7
5.3 24.9 7.2
446.1 47.9 3.5 8.7 -5.6 1.1
794.4 317.8 138.3 -38 -72 -12.5
2549.9 179.3 -33.3 22.5 -6.1 14.3
8.3 19.5 7
441.9 54.5 -2.7 16.4 -10.6 6.3
790.8 317.6 132 -25.4 -73.1 -12.4
2548.7 170.7 -30.9 17.1 -4.4 10.9
9.2 22.9 6.5
440 60.6 -7.9 20 -15.1 8.5
797.7 323.5 134.1 -40.7 -70.8 -8
2547.8 180.2 -31.2 22.3 -5.7 10.8
9.7 25 6
441.3 59.7 -8 20 -15.8 9.4
781.6 347.4 154.3 -78.1 -63.2 11.6
2553.6 179.9 -31.5 26.4 -8 11.9
14.7 305.5 75.7
439.1 60.6 -1.1 13.3 -14.8 16.6
949.2 152.5 24.2 225.5 -275.5 -81
2597.2 127 -58.9 102.9 -67.9 -5
13.2 41.1 5.1
440 63.4 -6.7 15 -12.8 11
770.4 364.1 167.5 -86.9 -64.5 -15.3
2557.1 186.4 -29.2 27.1 -8.8 15.2
51.1 410.4 102.5
409.2 94.5 27.1 -43.5 18.2 25
1185.1 349.8 -509.5 -40.2 365 171.6
2669.3 166.6 -187 36.2 90.6 67.7
15.3 224.1 72.9
444.5 61.4 -7.9 13.5 -7.8 -2.1
1773.7 -164.6 -872.7 468.8 -37.7 310.6
2815.9 18.7 -234.7 160.7 -34.1 104.5
17.9 216.9 80.8
444.9 69.8 -14.9 23 -23.5 14
1889.9 -277.9 -783.1 368 -71.6 423.2
2821.3 -21.1 -137.5 147.9 -101.6 118.3
3.2 110.9 98.3
465.6 38.3 20.3 -7 1 -9.6
2129.5 -612.1 -453.6 -52.3 159.5 197.8
2848.2 -66.3 -48 8.2 3.6 -9.4
4.2 116.2 80.2
471.8 43.2 25.3 -11.6 -2.2 -15.2
2148.6 -574.1 -454.1 -84.8 130.6 198
2887.2 -71.2 -58.2 6.1 6.5 7.8
winner is: 6
