Regression analysis information for: common_voice_sw_38021900-04-010_0015
number of formants: 3
number of coeccicients: 5
34.2 154.2 10081.8
302.7 121.5 59.1 13 -20.5 -15.8
794 -85.5 373.7 -201 -70.9 -148.8
1756.4 64 194.6 -183.6 29.4 -70.7
39 156.3 126.7
347.7 103.6 0.8 54.6 -30.9 -72.2
1041.6 -313.2 39.1 109.8 -59.3 -267.3
1912.8 -78.7 13.8 28.8 26.6 -155.9
9.8 137.1 126.4
388.6 119.3 -68.1 16.6 12 -18.9
1293.6 -245.9 -296.3 -119 140.9 75.2
1997.6 -71 -89 -32.6 63.3 -40.3
34 198.7 91.2
365.9 96.7 -50.9 57.9 39.4 -28.5
1241.7 -347.7 -265.2 -65.4 98 16.8
2070.2 -144.9 -22.5 -10.8 -64.6 0.4
32.6 133 68.4
361.8 84.2 -63.7 56.4 57.6 4.3
1214.1 -442.3 -376.5 -65.7 225.7 208.5
2038.7 -149.5 -45.6 -17.7 17.2 28.8
15.1 123.2 81.6
382.2 113.9 -70.7 17.2 20.1 -11.3
1380.8 -280 -463.2 -273.1 -30.5 52.1
2119.8 -107.9 -65.6 -87.7 -124.3 -5.2
11.6 124.3 110.4
383.9 118.6 -68.9 14.7 17.2 -14.4
1421.2 -252.2 -469.8 -280.8 -76.4 -38.5
2143.8 -75.4 -51.6 -97.5 -174.2 -78.6
13.4 99.1 49.7
381.7 111.1 -77.9 4.4 2 -27.8
1475.1 -189 -445.5 -294.5 -145.1 -144.6
2096.4 -145 -29.1 1.9 -55 -20.5
15.9 190.4 64.1
381.3 115.5 -74.6 8.8 10.8 -17.5
1567.4 -40.4 -281.2 -140.6 21.5 5.6
2130.7 -103.9 16.9 53.9 22.1 68.1
8.4 17.3 42.3
388 126.9 -65.4 17 12.9 -16.1
1726.5 216.1 -75.6 -8.6 65.3 -43.7
2165.6 -78.1 20.8 33.7 -1.5 55
10.3 20.2 29.7
384.8 134.8 -69 20.5 10.3 -11.6
1743 195.1 -78.5 -20.1 79.3 -38.1
2208.6 -40 34 25.6 -16.9 41.6
73.7 37.8 39
412.8 78.8 -14.4 -34.2 64 -67.1
1767.5 152.3 -65.4 -43.8 105 -55.7
2255.3 -29.6 55.6 -2.6 -8.7 24.3
130.2 44.8 44.1
440.5 22.9 43.1 -93 121.5 -124
1790.5 107.5 -40 -70.3 125.2 -74.9
2303.8 -20.2 72.1 -27.7 8.1 13.1
123.7 45.3 40.6
439.6 25.7 39.2 -87.7 116.5 -119.6
1799.2 97.4 -47.4 -65.5 118.9 -73.2
2333.4 -0.2 62.8 -39.6 4.1 16.6
125.3 44 38.5
438.7 27 39 -87.7 117.1 -120
1813.8 83.3 -46.9 -66.3 114.5 -68.9
2366.4 18.4 57.2 -53.1 -0.8 20.5
155.2 47.3 42.8
465.3 -27 93.3 -141.8 168.3 -167.7
1835 52 -24.3 -86.3 127.8 -80
2401 17.9 62.9 -79.2 5.8 11
156.2 47.6 42.6
465 -29.2 93.9 -141.8 168.4 -167.2
1851.3 44.1 -26.1 -88.3 128.7 -85.4
2442.2 51.5 63.2 -106.8 -7.3 0.8
143.9 42.9 44.6
511.1 -120.4 177.3 -212.3 220.4 -196.4
1880.3 -1.5 11.3 -116.7 144.8 -93.3
2484.2 47.1 74.5 -147.1 -13.5 -0.9
136.6 42.2 32.4
500.4 -103.9 159.9 -195.4 204.3 -179.8
1890.7 0.6 9 -122.6 147.2 -92.9
2513.9 94.6 56.7 -158.8 -27.9 12.9
117.6 45.8 36.3
485.2 -78.2 132.8 -167.8 181 -159.5
1902.3 2.8 0.4 -127.3 146.6 -94.3
2547.5 96.8 52.1 -189.1 -7.8 22
winner is: 11
