Regression analysis information for: common_voice_sw_38021900-04-002_0003
number of formants: 3
number of coeccicients: 5
17.4 22.8 10041.5
416.3 81.8 -59.6 11.8 -16.8 -34.9
853.7 13.7 -85.6 -55.6 -33.8 -56
1614.7 113.2 -22 -148.2 45.5 -81.5
17 22 10049.7
429.4 80.5 -81 2 -16.9 -34.6
860.4 3.9 -97.2 -62.2 -34.7 -56.2
1640.6 67.8 -20.4 -95.8 30.6 -71
15.4 21.5 10048.6
439.5 67.7 -88.4 16.9 -13.2 -31.3
869.3 -2.4 -100.8 -55 -34.2 -57.7
1679 19.8 -56.9 -65.1 -21.1 -79.1
17.4 18.1 10086.2
426.2 58.3 -97.6 18.6 -0.7 -32.4
857.8 -13.8 -114.6 -55.5 -25.6 -50.8
1632.9 -39.4 -110.1 -107.9 30.4 -21.9
20.2 29.2 10052.8
404.5 68.8 -22.8 29.4 -32.6 -26.5
846.2 -4.2 -63 -56.2 -47.5 -57.3
1617.1 54.6 89.8 -92.8 -34.4 -23.2
29 29.7 10007.2
485.4 35.6 -42.6 99.9 -68.2 3.3
916.4 18.3 -51.2 11.2 -42.8 -46.6
1786.5 54.8 -27.8 -0.3 -16.7 -3.7
35.6 36.5 10006.1
515.6 39.4 -95.9 93.6 -45.9 4.6
944.6 23.2 -67.7 29.6 -29.6 -42.1
1793.2 61 -34.6 -11.1 -20.3 -3.6
30.4 28.8 10008
493.4 40.6 -53.5 98.7 -59.8 12.4
939.5 64.5 -10.9 51.1 7.2 -6.4
1798.5 64.5 -30.7 -12.3 -22.7 -7.2
14.2 27.6 10010.5
457 72 -35.4 63.9 -26.7 -3.1
924.8 78.9 2.9 35.4 30 1.3
1796 63.6 -21.9 -12.2 -25.5 -10.7
12 34.2 10009.1
444.4 78.4 -34 53.1 -12.2 -4.3
925.3 79.7 6 40.8 38.4 12.3
1788.8 55.5 -19.7 -8.2 -14.5 -3
12.2 21.5 10005.5
443.7 71.7 -43.1 48.3 -15.9 -4.1
877 -14.3 -91.8 -44.5 -47.4 -61.6
1790.9 53.2 -24.1 -14.4 -17.6 -6.8
23.7 16.8 10005.8
437.9 77.3 -72.4 41.7 -16.2 -13.8
872.5 -1.5 -87 -31.4 -47.4 -60.4
1795.2 49.6 -37.5 -25 -13.2 -1.3
70.3 176.1 10083.8
514.7 -18.4 4.2 5.5 -18.1 37.3
974.5 -222.5 79.8 -110.3 -69.6 14.8
1874.1 -52.5 43.9 -78 -22.7 44.8
81.5 198.9 81.9
614 -46.6 -13.5 -54.4 23.9 50.7
1235.7 -277.1 34.7 -335.1 162.8 315.4
1998.9 -44.1 48.8 -157.8 9.9 53.3
14.8 36.1 54.1
722.2 -27.8 -97.7 -26.7 -42 -9.7
1718.1 -37.1 -8.2 95.8 81.3 32
2102.3 -61.3 -86.6 41.6 -84.1 -50.8
14.8 28.3 45.7
728.1 -22 -89.7 -25.2 -40.1 -10.6
1711.1 -42.1 -11.5 79.3 67.5 32.3
2081.1 -38.2 -39 -32 -83.9 -23.9
14.9 25.5 33.5
730.8 -21.8 -89.9 -25.7 -40.5 -11.4
1716.4 -36.1 -10.8 56.6 54.5 32
2103.8 -38.3 -23.5 -36 -62 -22.6
14.7 25.6 29.1
727.9 -23.1 -97.5 -26.4 -43.1 -11
1733.8 -25.3 -9.7 39 53.6 31.1
2128.4 -62 -12.7 -31.3 -49.9 -27
16.7 34.4 33.2
727.5 -18.1 -98 -21.7 -44.5 -8.6
1753.1 -22.2 -22.6 28 69.1 43.9
2146.8 -95.1 11.9 -14.2 -33.5 -31.7
22.3 107.1 132.3
699.4 -9.5 -125.5 -3.2 -57.6 11
1710 -47.1 -88.8 103.9 118.9 151.9
2169.3 -193.3 92.4 -47.3 0.8 -71.7
winner is: 18
