Regression analysis information for: common_voice_sw_38021900-04-004_0006
number of formants: 3
number of coeccicients: 5
11.2 30.6 10040.2
367.5 -85.8 50.9 -38.5 20.7 -16.7
676.4 -21.1 69 -37 63.9 -25.9
1501 -15.1 -51.5 -133.8 90.3 -50.6
30 44.3 10056.6
365.2 -79.1 49.4 -44.6 31.7 -25.6
683.6 -5.8 63.6 -3.9 28.9 16.8
1554.6 -12.8 -52.5 -115.1 58.5 -32.7
20.4 50.7 10069.3
418.3 -147 50.8 15.3 -43 24
765.8 -100.1 69.6 103.2 -103.1 115.6
1742.2 -160.6 -74.6 60.5 -127.8 69.2
26.2 44.9 10055.5
440.5 -158.2 20.5 44.4 -40.5 -9.7
814.6 -117.8 56.4 156 -96.5 63.7
1880.6 -120.9 -190 88.5 -63.8 -25.1
21.3 65 51.7
464.5 -160.4 -21.3 53.3 -8.5 -29
877.6 -149.2 79.3 171.7 -49.1 21
1980.5 -98.4 -193.5 2.8 -38.5 2.3
36.8 165.6 41.8
470.2 -143.3 -34.9 24.4 23.1 -16.4
929.4 -130.2 40.7 70 156.8 36.9
2046.6 -35.7 -191.2 -37.1 -38.1 18.9
58.8 212.9 54.8
461.7 -122.8 -26.2 -13.7 37.4 7.9
937.1 -106.6 10.1 39.6 226.3 -3.9
2080.9 -12.1 -201.9 -49.8 -61.4 -10.2
53.6 304.3 76.5
467.4 -109 -35.4 -46.7 46.1 46.3
1040.5 -43.5 -178.8 6.2 396.1 2
2115.1 18.6 -232.7 -33.7 -24.8 -12.1
18.2 219.7 62.4
499.8 -129.4 -74.8 1.4 31.9 3.3
1266.4 -144.6 -507.3 265.4 425.9 -144
2200.8 34.9 -239.5 71.7 9.4 -28
39.2 201.9 55.8
489 -121 -67 -3 44.1 -10.2
1281.9 -106.6 -557.5 283.4 469.3 -119.7
2214.8 50.9 -230.1 97.8 24.6 -39.3
14.8 217.5 55.7
502.6 -137.5 -75.3 15.2 21.3 3
1361.5 -148.3 -626.4 329.4 366.3 -8.5
2233.9 38.6 -282.8 95 17.8 16.2
23.4 216.9 45.8
501 -139.7 -70.3 22.4 20.3 -3.2
1409 -192.2 -605.8 389.1 296.7 43.8
2255.1 40.9 -272 109.2 -4.5 32.9
15.2 221.1 44.3
508.9 -136 -74.2 11.7 18 5.1
1471.6 -227.2 -615 348.4 258.3 132.4
2273.8 23.5 -265.1 94.9 -18.2 54.3
4.7 224.4 72.7
515.6 -132.1 -80.1 -2.9 12.3 11.3
1637.1 -311.9 -537.5 169.3 200.9 203.7
2321.8 -25.3 -229.3 32 -6.6 51.5
11.3 238.4 64.6
512.3 -137.4 -73.7 6.4 17.7 7.3
1617.8 -381.6 -440.7 230 301.1 135.8
2318.9 -35 -214.7 37.4 21.2 39.2
2.8 150 45.4
521 -130.4 -76.8 -7.2 8 9.2
1778 -476.2 -391.5 25.8 177 262.2
2361.3 -55.2 -200.5 -13.9 -16.7 65.4
22.9 180.2 46.5
512 -142.5 -73 8.7 26.9 17.8
1793.7 -428.8 -381 39.9 174.4 271.9
2363 -62.4 -193.8 -11.5 -10.5 47.6
1.2 43 33.4
523.7 -126.3 -75.7 -11.1 3.8 6.9
1998.8 -112.1 -308.7 -138.7 -160.4 -38.7
2388.2 -55.8 -173.4 -10.3 -31.3 11.2
1.7 37.8 26.1
522.7 -118.3 -72 -15.8 1.7 6.5
2034.9 -96.5 -270.8 -115.1 -146.9 -44.1
2420 -87.4 -194.4 24.4 -18 31.9
2.1 37.9 38.9
515.6 -116.8 -67.5 -15.7 0.1 8.6
2042.5 -99.4 -274 -101.8 -140.7 -38.1
2447.7 -76.7 -269.3 59.3 -2.8 42.6
winner is: 19
