Regression analysis information for: common_voice_sw_38021900-04-008_0003
number of formants: 3
number of coeccicients: 5
1.9 10.7 10019.2
331.7 -5.9 -11 -4.7 -5.3 -2
686.6 29.5 -11.7 13.2 -14.7 1.5
1548.1 113.4 -65.8 41.2 -25.5 3
2.4 11.2 10020.7
334.2 -9.4 -10.5 -3.8 -6.4 -0.6
691.6 21.8 -11.4 17 -17.6 8.7
1559 109.9 -66.7 40.7 -19.8 14.2
3.3 10 10014.6
335.3 -10.8 -9.9 -6.4 -4.2 -2.7
688 16.5 -21.5 8.3 -21.5 5
1571.3 113.3 -83.3 13.3 -26.1 18.6
4.9 11.3 10014.6
337.6 -14.3 -7.2 -10 -2.2 -4.4
687.9 15.4 -27.2 5.6 -27.9 7.7
1577.4 102.8 -100.4 -23 -42.8 17.4
6.8 14 10017.3
338.1 -11.1 -14.1 -3.9 -7.9 2.1
693.8 17 -30.3 6.7 -33 10.2
1608.4 113.4 -111.3 -37.8 -53.4 15.2
14.3 45.2 10032.2
353.8 -34.6 2.6 -23.9 11.3 -15.8
721.8 -12.2 6.6 -29.9 -3 -24
1676.1 133.8 -89.8 -85.1 -51.4 -13.9
14.4 65.5 10063.8
367 -47 4.5 -30.2 18.3 -20.2
755.7 -41.9 55.9 -71 25 -57.1
1763.8 151.5 -23.2 -129 -26.5 -73.3
11.9 53 10023.3
382.1 -53.6 -9.5 -26 23.9 -22.7
784.9 -57.1 113.5 -105.9 32.5 -68
1779.2 215.6 -55 -61.9 -34.4 -11
9.2 62.8 10020.5
406.4 -62 -41.8 -12.1 37 -31.2
792.7 -39.4 187.7 -140.2 11.4 -51.2
1811.1 217.4 -61.2 -53.6 -2.7 2.8
11.5 148.4 10060.1
417.2 -63.7 -52.9 -11.7 37.4 -24.1
949.9 -32.8 -73.2 -18.1 210.7 -207.7
1855.3 197.4 -119.8 -30.7 39.2 -37.3
21.9 137.7 10056.4
419.1 -60.9 -52.8 -19.5 39.2 -15.2
1016 -22 -151.9 23.8 245.8 -238.9
1918.3 169.3 -204.7 -1.1 121.4 -100.3
14.6 118.9 71.4
430.4 -69.8 -64.5 -3 29.6 -21.3
1149 -132.5 -243.7 194.2 126.2 -223
1968.6 136.4 -277.2 75.8 118.9 -161.7
20.5 158.9 87.6
424.8 -56.1 -81.4 12.9 14.7 -9
1145.5 -136.7 -312 223.6 70.2 -150.2
2010.5 79.7 -280.1 110.8 88.5 -179
17.4 182.6 152.9
422.1 -63.6 -70.5 14.8 12.3 -13.4
1061.9 -198.1 -198.2 297 -40.7 -256.5
2034.9 6.3 -228.6 118.6 74.3 -236.9
23.6 189.7 10100.1
409.3 -57.6 -47.1 -18.7 36.7 -16.7
905.7 -23.1 -169.7 200.5 6.2 -243.3
1924.9 168.8 -283.7 133.6 32.3 -136
37.1 194 10093.2
405.3 -58.5 -27.9 -28.4 15.9 6.3
840.9 26.7 -56.9 126.7 -35.2 -180.9
1893.2 198.4 -237.1 80.6 29.7 -91.1
10.6 209 222.2
428.8 -76 -48.9 -5.7 16.8 -12.4
1069.8 -245.6 -36.3 188 26.4 -318.3
2154.1 -202.5 -60.2 30.9 84.2 -180.2
16.7 140.8 62.1
439.5 -88 -49.1 2.5 20.3 -12.8
1391.2 -321.2 -330.4 80.5 211.9 101.1
2389.4 -403.9 -87.7 -10 24 103.7
7.8 81 110.3
454.5 -82.9 -58.3 -16.9 13.1 -1.1
1666.3 80.8 -292.4 -212 -173.5 -113.8
2536.2 -157.2 -107.2 -220.4 -275.2 -99
9.2 94.3 30.5
455.7 -79 -58.8 -20.8 8.9 -0.2
1675.8 81.5 -289.8 -198.4 -165.6 -120.9
2496.9 -234.3 -78.4 -120.8 -144.8 -15.6
winner is: 20
