Regression analysis information for: common_voice_sw_38021900-04-004_0009
number of formants: 3
number of coeccicients: 5
45.4 77.6 10133.5
400.8 -120.4 -82.4 76.8 -28.8 2.5
717.7 -192.2 -25.1 116.1 -13.5 -12.8
1578.9 -79.3 -74.9 215.5 -97.4 -69.6
24.1 96.3 10201.7
447.9 -150.7 -63.1 -10.8 17 33.4
792.1 -221.8 13.6 -92 67.1 103.5
1690.1 -51.7 -52.8 -104.7 -36.4 156.2
17.3 53.5 10068.6
457.4 -150.7 -74.8 -1.1 18.3 26.1
842.6 -246.6 -54.9 -31.9 94.1 67.4
1857.5 -76.2 -282.2 36 -0.8 45.6
20.5 59.6 10061.6
461.9 -143 -68.8 2.9 18.8 22.9
847.9 -255.3 -70 -36.5 102.9 79.6
1884 -49.2 -255.7 20.5 -4.5 15.7
29.6 71.7 10065.7
452.7 -159.4 -74.6 3.7 28 32.2
833.9 -273 -76.6 -58.1 89.3 90.3
1950.1 -0.4 -255.3 -21.7 -65.7 -29.5
36.9 291.9 108.8
482 -107.5 -56.1 -15.9 -14.9 -2.9
1106.6 242.6 141.4 -148.6 -104.2 -71.2
2128.6 271.2 -77.9 43.1 -54.6 -24.2
14.7 161.1 64.5
497.6 -80.4 -53.5 -30 -34.6 -17.7
1093.7 293.3 244 -63.8 -50.5 -102.9
2160.1 329.6 -22.3 77.6 -12.7 -30
18.2 98.2 56.4
496.1 -80.5 -51.1 -26.1 -32.9 -20.1
1043.9 239.1 252.1 -18.2 0.4 -78.3
2155.4 320 -32.7 82.4 -4.7 -37.3
10.5 128.2 50.9
503.5 -74.9 -55.3 -34.3 -33.6 -13.4
1133 334.1 189.6 -143.1 -60.6 -35
2176 321.3 -61.5 75.4 -8.4 -20.6
10.4 134.9 46.6
505.3 -75.5 -58.3 -37 -34.2 -9.8
1234.5 414.3 109.8 -269.8 -66.9 62.5
2198.8 315 -78.3 74.7 3.4 -11.6
11.5 99.1 46.4
503.4 -80 -65.6 -37.2 -37.3 -8.8
1320.7 459.9 50.8 -322.1 -52.4 111.2
2222.6 312.1 -86.2 67.9 28.3 -24.8
12.6 83.3 44.8
504.3 -82.3 -69.1 -36.5 -39.4 -8.6
1410.8 454.3 2.8 -329.8 -53.6 154.9
2238.3 311.7 -91.4 66.7 26.9 -17.5
13.8 109.7 36.8
507.9 -82.1 -68.2 -35.3 -39.4 -9.8
1488.5 427.6 -25.2 -312.2 -71 176
2247.2 313.9 -105.6 78.7 9.5 1.4
13.7 140.9 35.8
509 -83.5 -70.5 -34.1 -40.3 -10.3
1540.3 411 -54.2 -294.2 -91.8 171.4
2255 315.6 -113.8 80.5 3.6 4.1
12.8 158.7 41.8
508.1 -86.7 -75.7 -32.7 -41.8 -9.6
1590.1 391.1 -81.5 -267.7 -116.2 161.6
2264.7 313.5 -113.3 71.6 9.9 -7.6
11.3 186.3 70.6
505.5 -89.2 -78.7 -35.2 -39.8 -9.1
1525 425 -168.5 -398.2 -107.7 32.5
2279.1 347.8 -104.6 52.2 0.1 -56.1
10.5 183.8 75.7
508.7 -88.7 -75.3 -34.7 -38.5 -11.5
1585.7 490.3 -154.8 -385.7 -106.4 -4.6
2296.8 361.3 -96.1 61.8 -7 -55.6
15.9 320 80.8
501.5 -97.1 -65.9 -20.6 -34.4 -17
1294.7 261.6 284.1 42.6 -140.7 -206.5
2293.9 360.9 -49 80.6 -29.1 -106.8
21.7 179.7 87.2
497.8 -100.2 -67 -15.1 -29.2 -13.3
1509.8 516.2 243.4 -169.8 -258.9 -108.4
2342.1 414.6 -33.3 31.4 -38.1 -107.2
10.5 208.8 148.6
506.9 -91.3 -70.3 -28.4 -41.3 -12.9
1758.8 514 120.1 -54.1 -354.3 -28.8
2402.1 351.2 -107.6 126.9 -70 -120.6
winner is: 12
