Regression analysis information for: common_voice_sw_38021900-04-004_0011
number of formants: 3
number of coeccicients: 5
30.1 28.2 10120.6
483.6 -13.7 54.2 14.8 6.2 11.8
781.9 75.6 -77.5 26.2 -35.6 -14.1
1360.4 280.9 -67.4 87.5 -37.8 -53.6
22.1 29 10081.9
501.7 -12.6 66 27.7 19.4 34.8
837.8 -8.5 6.1 -10.7 -9 8.8
1442.5 274.6 39.5 99.4 40.1 30.2
20.9 17.8 10028.9
507.7 -16.4 64.9 24 14 29.9
845 -13.4 19.2 -16.1 3.5 3.2
1497.9 282 113.9 61.6 69.5 -13.6
23.1 19.4 10027.8
520.6 -14.2 52.4 21.9 8.1 28.3
845.7 -14.9 21.9 -18.3 4.6 2.3
1539.1 321.1 97.9 19.6 37.1 -37
24.5 20.2 10049.8
529.5 -1.1 43.4 16.9 4.1 29.9
839.5 -11.6 19 -20 3.5 -4.6
1551.6 391.7 38.1 -3.9 12.8 -43.5
56.1 60.5 10041
574 -8.5 -29.5 37.3 30.9 7.6
851.7 0.7 -62.5 -1.3 47.1 -29.8
1575.6 415.1 -19.9 -8.9 18.7 -14.2
71.1 91.1 10045
576.9 10 -36.5 -33.8 41.8 100.2
890.3 20.7 -128.1 -92.2 88 51.3
1573.5 415.9 -22.9 -9.6 26.2 -3.6
74.5 130.2 10120.6
614.2 -21 -68.3 -16.8 10.8 118.1
973.6 -44.6 -183.7 -51.2 71.2 91.9
1648.1 344.5 -61.7 52.2 -25.7 35.2
69.5 147.9 10150.2
629 -30.4 -82.3 9.1 10.7 76.6
1017.3 -81.2 -208.4 -28.1 51.8 90.1
1700 291.3 -75.3 78.4 -25.7 28.5
32.9 85.7 10178
677.8 -38.8 -142.7 34.1 7.2 36.1
1117 -97.6 -335.9 -0.6 41.8 64.6
1846.1 103.2 -34.7 56.1 36.3 -59.9
48.2 137.9 10120.4
668.2 -40.5 -115.1 44.9 -3.7 20
1083.8 -129.8 -237.6 34.5 -37.8 -4.5
1918.5 -50.5 88.2 38.2 -12.4 11.7
62 133.5 10105
674.2 -35.1 -114.2 45.6 4.2 36.7
1119.4 -109.6 -281.5 -27 -60.8 23.8
1952.5 -76.7 89.1 36.7 -24 43.6
40.5 104.4 10122.6
715.5 17 -121.2 11.8 -30.7 14.1
1197.2 -38.8 -329.6 -113.4 -152.7 -17
2012.2 -85.4 59.4 51.1 -36.1 63.3
26.8 122 119.8
726.9 37.1 -111.5 6 -51.2 -12.4
1269.2 54.1 -328 -167.1 -225 -92.2
2073 -121.2 49.2 113.7 -70.2 50.9
31.4 190 218.9
706.7 3 -142 -29.8 -82.5 -31.5
1243.7 127.5 -246.6 -244.6 -271.8 -104
2083.1 -127.3 94.9 108.1 -113.3 96.6
22.4 120.9 296.7
737.3 73.5 -83.3 7.6 -43.9 -13.9
1468 497.9 5.8 -18.9 -44.8 43
2220.3 -6.9 124.2 140.1 -116.1 66.2
6.6 20.3 218
746.8 69.8 -101.1 14.1 -37.3 -13.2
1549 509.3 -53.9 44.7 -19.1 36.6
2374 -114.7 -22.8 283.6 -257.7 5.8
6.9 15.1 190
747.4 69.6 -100.6 13.8 -36.7 -13.4
1548.9 505.2 -56.8 34.8 -25.8 31
2418.6 -65.5 10.2 233.7 -278.8 17.8
8.5 58.1 181
748.9 67.8 -97.3 15.7 -35.3 -13.7
1526.9 470.8 -40.5 75.6 7.4 23.3
2477.4 -39.5 50.5 186.6 -262.4 28.2
24.9 151.9 183.3
736.9 57 -99.1 25.9 -15.6 -4.9
1424.9 370.9 49.8 271.3 133.8 -22.8
2407.6 136.9 135.1 289.3 26.7 -112.7
winner is: 18
