Regression analysis information for: common_voice_sw_38021900-04-010_0004
number of formants: 3
number of coeccicients: 5
9.2 26.1 10024.5
435.3 -51.6 -45.3 -0.5 50 1.5
715.4 -92.2 49.7 36.9 -46.3 -16.9
1277.9 86.6 244.5 -36.6 -121.6 52.2
13.8 41.1 10064
449.6 -41.3 -48.5 4.8 53.1 5.8
779.6 -92.7 -78 34.6 54.5 -11.7
1521.3 41.6 -113.3 92.7 83.6 -58.5
13.2 32 10037.3
465.2 -36.2 -60.5 -11.1 43.9 15.8
811.7 -71.5 -109.1 -7.8 56.8 39
1586.6 75.4 -153.1 43.4 56.8 8.8
11.6 39.8 10031.5
475.2 -34.6 -53.5 -13.9 33.5 16.7
811.8 -80.2 -119.6 -21.1 47.1 39.3
1606.1 101.2 -149.4 27.2 39.1 5.8
16.7 76.4 10044.3
487 -16.9 -31.1 -14.2 21.2 15.3
837.5 -33 -73.9 6.3 75.2 91
1645.8 157 -109.3 44.3 51.9 25.3
16.7 109.7 10039.7
489.8 -1.2 -6 -14.2 4.3 9.8
852.2 7.5 -19.6 39.6 95 128.8
1680.8 209.3 -60.1 78.3 71.1 41.7
25.6 172.9 10050.8
492.6 10.3 3.1 -13.1 -1.6 9.8
913.1 105.9 7.3 -9.8 14.2 88.7
1712.7 275.5 -33 70.8 45.1 17.4
22.1 172.8 10032.7
494.8 9.6 -0.1 -18.2 -12.3 1.7
937.8 147.2 32.4 -7.2 -8.1 57.2
1709.4 261.6 -30.7 84.9 60.5 33.7
37.6 145.5 10045
491.4 -6.8 -6 -10.3 1 19.1
1004.1 268.9 122.7 42.8 -8.4 12
1749.3 317.2 -9.6 71.2 19.4 -3.4
24.5 101.4 10061.3
510.8 3.9 -4.6 -20.2 -20.2 0.3
1067.4 379.3 170.6 23.5 -83.4 -92
1794.2 378 -5.1 19.1 -58.4 -70.1
14.6 127.6 10049.6
532.3 7.3 -1.4 -25.3 -31 -8.8
1046.5 354 131.7 -30.1 -161.9 -194.7
1827.5 411.5 2 -7.4 -104.4 -112.5
15 122.5 10053.7
546.5 -7.5 -10.1 -32.8 -24.9 -2.2
1033.6 346.3 101.6 -73 -185.2 -184.4
1837.7 421.1 -12.2 -33.6 -115.8 -109.3
33.1 158.3 10063.8
547.7 -26.3 -6.4 -21.7 21 -13.2
982.7 326.1 155.1 34.8 -120.6 -188.9
1807.9 406.9 7.1 41.1 -69.3 -111
53.9 232.6 10227.9
585.2 -81.4 38.7 -33.7 14.1 -33.4
1106.7 184.3 396.3 26.6 -145.4 -127.5
2052 29.2 317.2 -86.2 -92.5 22.2
50.9 195.5 178.3
610 -86.6 16.9 -41 5.7 11.5
1350.7 382.3 306.4 -83.1 -38.6 224
2244.7 19.9 270.9 -180.7 -28.4 217.7
44.8 119.3 138.7
618 -87.1 26 -50.9 -19.4 37.9
1458.5 401.1 211.4 -149 -61.4 277.8
2332 13.8 170.8 -185.2 -83.8 262.2
89.7 140.2 164.8
613.8 -79.7 38.5 -76.6 -18 83.8
1569.9 340.3 41 -27 11.3 183.9
2458.2 -61.9 16.9 -34.3 -37 172.8
6.5 44.6 37.5
665.4 -123.9 -46.2 21.8 -10.7 -11.8
1650.6 304 -99.2 116.5 10.3 19.5
2553.5 -123.9 -122.4 124.4 -15.1 -20.1
5 41.7 42.6
663.3 -128.7 -46.4 22.9 -9.8 -12.8
1667.5 325.3 -71 121.8 21.6 32.5
2555.3 -126.7 -109.5 104.5 -14.1 -1.1
7.4 59.5 47.7
656.4 -130.9 -46.5 32.2 -9.9 -12.7
1666.3 355.6 -83.8 130.1 -4.5 29
2559.9 -134.4 -103.7 97.5 -6.7 13.9
winner is: 18
