Regression analysis information for: common_voice_sw_38021900-04-002_0017
number of formants: 3
number of coeccicients: 5
23.6 44.5 10097.2
343 22.3 17.2 4 20.3 -0.4
562 27.6 55.7 14.3 42.9 16
976.1 -124.7 188.8 -93.4 151.6 -40
26.3 43.8 10090.7
347.9 23.5 17.4 4.4 17.9 6.8
568.9 35.7 65.9 22.2 44.6 25.1
997.1 -126.1 221.1 -86.5 164.9 -20.8
27.1 48.7 10108.9
349.1 23.1 17.2 3.5 14.8 13.2
571.8 22.3 70.6 13.1 46.5 21.5
1006.8 -160.7 236.3 -112.6 171.7 -29.8
26.6 51.3 10117.9
351.8 23.2 15.2 2.6 13.9 12
572.4 19.2 72.3 9.6 47.3 18.3
1010.1 -146.7 240.9 -100 174.2 -18.3
30.5 56.5 10117.7
354.5 25.7 8.2 5.4 3.9 17.1
576.8 17.9 79.7 11.4 42 26.4
1007.2 -168.1 224.5 -103.7 137.4 1.7
42.4 53.1 10082.7
356.2 35.1 -4.1 10.1 -6.8 24.3
578 19 85.8 15.3 33.5 33.1
1007.9 -267.5 214.5 -176.7 107.3 -35.6
17 48.8 10074.3
388.6 -9.5 47 -35.8 26.3 -2.5
591.1 -13.9 115.8 -4.7 39.7 25.9
1023.8 -303.7 232 -185.9 97.4 -18.9
31.1 45.4 10097.1
382.5 2.2 65.7 -50.8 20.4 0.7
604.8 -41.1 142.8 -18.5 44.2 20
1053.6 -348.5 258.5 -168.1 65.1 41.2
47.9 111.2 10311.3
422.2 -12.6 24 -18.8 -7.3 -25.3
683.7 -85.5 78.2 31.9 23.3 -9
1292.6 -410.4 75.7 173.4 28.9 -136.2
26.6 62.2 10262.5
427.9 -46.8 34.5 23.8 -41.7 -37.3
710.3 -127.3 93.6 88.1 -20.5 -28
1476.5 -415 181.9 389.2 -46.1 -25.4
41.9 50.9 10163.3
407.7 6.3 7.5 55 -77.3 19.7
672 -59.8 88.5 152.9 -67.5 45.4
1457.5 -436.5 327.4 437.7 -136.4 115.1
56.4 111 10375.6
418.2 23.9 -14.6 22.3 -58.1 31.7
684 43.6 -58.2 117.5 -3.2 64
1554.2 -214 -72.9 330.7 74.6 155.7
20.8 49.5 10206.6
453.2 14.8 -70 31.6 -29 25.8
753.5 34.4 -124.3 108.5 16.3 71.3
1775.1 -282.4 -253.9 363 209.1 113
19.9 110.6 10176.2
461.8 2.3 -61.9 8.6 -25.1 9.1
823.3 -32.2 -43.7 -21 41.5 -31.5
1802.1 -334.3 -113.7 155.4 146.9 73.6
17 95.9 120.3
470.6 -9 -46.3 -3 -12.9 -1.6
895.5 -157.7 74.7 -123.4 105.9 -86
1984.7 -479.4 -64.7 44.6 236.1 69.7
3.9 69.6 120.2
477.5 -24.6 -33.9 -15.1 -6.1 -6.7
901.5 -170.2 81.3 -129.4 103.7 -80.4
2101.7 -533.4 -193.2 81.1 180.4 47.7
4.1 63.1 95.6
475.5 -26.8 -35.5 -17.2 -6.6 -7.2
903.1 -174 83.5 -129.7 104.3 -75.5
2177.7 -574.2 -315.8 126.3 155.9 21.7
4.3 65.7 96.6
475.1 -26 -35.1 -17.8 -6.2 -7.4
902.3 -171.7 83.3 -132.1 107.7 -80.8
2234 -591.7 -322.4 110.3 111 40.5
4.6 73.2 110.6
476.1 -23.2 -33.5 -17.2 -5.5 -7.5
895.2 -157.1 72.2 -129.2 105.4 -89.8
2299.9 -583.2 -324.7 44.3 42.5 62.8
4.7 82.2 132.5
476.2 -22.5 -33.4 -17.1 -5.1 -7.5
893 -151.8 70.8 -130.6 111.2 -98.7
2366.8 -545.1 -330.8 -51.9 -16.6 85.5
winner is: 17
