Regression analysis information for: common_voice_sw_38021900-04-010_0006
number of formants: 3
number of coeccicients: 5
15 5.3 10009.7
397.6 -37 16 -5 16.2 11
721.5 4.3 -7.1 13 12.9 13.3
1244.5 -0.5 35.6 0.5 16.1 9.4
16.1 4.8 10009.2
412.2 -51 26.5 -10.7 19.2 6.2
720.8 11.2 -9.6 13.6 11.8 11.5
1267.6 20.5 46.4 12.9 19.9 13.4
26.6 47.8 10041.4
459.3 -115.1 79.9 -43.5 22.8 17.3
793 -112.7 87.2 -37.7 12.7 46.5
1376 -85.2 178.4 -54.7 52.4 23.2
36.5 41.5 10052.6
524.8 -157.8 43.8 41.5 -38.9 2.4
867.6 -186.3 30.6 81.1 -51.2 -5.8
1521.7 -102.5 143.8 105.5 -32.6 -11.2
21.3 37.9 10019.4
564.4 -148.1 -10.2 51.3 -1.4 -24.7
898.4 -198.9 -13.3 95.4 -2.3 -35.4
1584 -66.5 87.9 113.4 19.9 -29.1
19.2 29 10012.7
606.1 -123.2 -60.5 17.6 26.8 -2.3
911.1 -196.6 -33.3 98.2 7.4 -18.4
1605.8 -50.9 67.3 91.6 15.7 -29.7
15.9 54.6 10011.4
631.1 -94.9 -60.8 -3.6 13.2 0.7
908.3 -139.3 -89.9 128.3 -35.8 -1.1
1618.1 -44 51.5 84.1 15.9 -28.7
21 54.7 10012.7
650.4 -65.9 -43.5 4.4 17.1 5.6
905.1 -86.9 -131.7 121.7 -47.1 -34.9
1625.5 -37 42.9 81 16.7 -32.1
16.3 52 10014.4
646.3 -72.3 -52.7 -0.2 11.7 1.6
876.4 -19.1 -164.1 88.7 5.6 -108.1
1626.2 -30 40.3 77.7 17.4 -40
12.1 79.8 10018.5
638.9 -82.7 -67.1 -10.4 6 -3
866.4 12 -146.2 38.6 37 -107.3
1619.8 -27.2 45.4 67.8 15.6 -38.4
14.2 103.7 10017.7
633.4 -90.2 -67.6 -13.2 7.1 -5.7
859.7 19.6 -132.2 15 42.8 -83.2
1611.6 -25.1 63 59.6 2.8 -33
16.5 118.4 10013.3
637.3 -87 -56 -8.5 2.9 -10.2
853.7 31.2 -112 -11.4 14.3 -60.5
1600.6 -24.3 85 55.2 -14.6 -24.4
21.7 99.8 10013.3
636.4 -86 -50.4 1 -4.2 -11.7
835.2 30.1 -70.1 -10.3 -30 -53.1
1598.8 -27.4 87.8 61.3 -14.4 -25.3
27.8 109.8 10016.6
636.9 -84.2 -49.6 9.7 -7.7 -8.7
849.7 36.3 -123.9 -5.2 -4.9 -46.5
1603.8 -29.1 75.9 69.3 2.8 -26.6
71.8 203.3 10179
609.4 -43.7 -79.6 31.3 -21.8 -30
993.5 -202.6 44.5 -165.1 63.1 -45.5
1790.3 -368.5 327.6 -92.7 96.5 -10.2
49.9 180.1 10192.3
623.5 -85.8 -36.8 11.5 34.1 -19.4
1065.9 -329 177.7 -31.4 219.2 14.3
1932.1 -468.8 477.2 -85.5 202.1 86.2
56.2 98.2 185.5
624.9 -110.7 -12.4 57.2 26.7 -10.8
1279.6 -438.4 58.7 251.2 160.3 32.5
2066.8 -464.1 411.5 104.3 204.5 197.2
51.8 108 155.6
648.4 -85 -17.1 53.7 53.1 28.6
1364.4 -314.6 89.8 238.1 216.9 140.4
2261.2 -338.6 302.1 117.9 265.4 314.3
25.1 104.4 137.2
681.9 -40.6 -10.4 41.8 51 38.7
1411.3 -243.9 96.3 198.9 205.9 168.5
2376.4 -279.2 208.9 39.6 254.9 356.3
21.6 108.3 128.9
686.6 -32.3 -7.9 40.6 46 32
1433.2 -209.6 115.1 198.7 193 150.5
2478.1 -271.3 172.7 33.8 242.7 399.8
winner is: 20
