Regression analysis information for: common_voice_sw_38021900-04-012_0007
number of formants: 3
number of coeccicients: 5
6.4 8.1 10082.8
354.1 -45.6 29.5 -9.9 6.1 -9.1
566.6 78.9 53 26.5 10.5 -5.2
1251.8 73 230 -179.1 214.1 -35.4
22.2 19.1 10158.5
409.6 -49.8 -41.9 38.7 -26.2 -18.2
570.1 84.9 68.6 37.7 7.4 -12.4
1565.7 143.7 -138.4 299.3 127.6 -16.1
20.2 20.2 10005.3
443.2 -55.8 -56.6 9.3 -22.5 6.6
612.4 98.4 40.7 16.8 -45.1 -25
1794 24 -1.5 25.8 10.8 10.9
25.2 22.3 10005.2
443.5 -67.4 -36 4.6 -30.8 -2.4
613.2 106.1 47 2 -59.5 -15.6
1795.2 25.3 -2.3 26.4 10.8 11.5
18.3 13.2 10005.1
416.5 -62.8 -4.6 -1.5 -42.2 11.2
580.5 100.8 60.2 17.4 -14.5 -18.4
1795.7 21.4 -3.9 23.5 8.7 9.8
13.3 14.5 10006.7
382.8 -27.6 -3.1 -9 -13.9 5.3
575.9 93.9 62 28.7 0.7 -21.1
1796.5 22.7 1.1 27.8 12.9 13.3
13.6 17 10007.9
373.6 -5.8 -7.4 -2.5 -3.3 3.2
580.8 83.9 60.2 22.1 -7.5 -23.5
1796.1 33.7 5.8 35.5 19.2 17.4
13.9 22.2 10007.8
375.4 -1 -6.3 -2.5 -8.1 -1.4
576.3 72.4 56.1 17.8 -15.1 -31.7
1800.2 43.7 9 38.4 22 19.5
31.3 94.5 10075.4
387.6 26.4 35.2 29.5 -0.1 -1.2
639 199.8 193.9 151.9 119.3 90.9
1851.7 137.5 101.1 123 105.4 94.1
39.4 247.1 10196.8
409.9 55.5 27.7 1.2 25 33.4
777.8 261.9 -90.1 -61.8 294.5 382.4
2008.5 213 -129.4 -65.8 249.2 337.5
68.3 193.3 155.7
444.1 53.6 -82 50.6 24.6 21.3
1525.6 376.4 -408.6 285.1 -56.2 129.4
2693.6 354.5 -394.2 216.6 -61.2 86
6.9 4.6 23.2
511.3 3.8 6 14.8 16.3 12.3
1809 32.3 11.9 28.8 24.3 12.4
2928.4 12.5 -87.4 -15.4 -11.9 -3.2
6.6 5.3 44.3
512.6 5.8 6.8 14.9 15.4 11.6
1800.9 40.7 11.7 32.5 30.7 13.2
2855.1 5.9 -11.3 26.5 80.1 30.7
6.2 8.2 24.3
510.2 1.3 3.3 12.6 14 10.7
1806.4 52.5 20.1 37 34.7 17.5
2961.1 86.1 -22.1 3.4 6.5 8.3
5.5 10 14.4
507.4 -3.7 -0.5 10 12.4 9.5
1812.7 59.2 20.9 45.6 32.8 24.7
2980.5 99.5 -23.8 10.5 -8 -12.8
5.1 11.8 13.5
504.2 -9 -3.7 8.6 12.4 9.4
1819.8 62.8 21.6 49.2 29.6 30.2
2976.3 100.3 -15.8 19.1 0.9 -7.6
4.7 13.3 12
500.7 -13.5 -5.6 8.3 13.4 9.5
1829 62.3 21.5 53.3 26.3 33.9
2979.1 101.9 -14.2 22.1 -0.4 -4.5
4.6 14.3 10.4
496.5 -18.6 -7.1 8.6 14.5 9.4
1837.6 63.4 22 54 26.6 37.8
2985.4 107.2 -15.2 22.3 -0.5 0.2
4.7 14.9 10.1
491.2 -26 -11 6.8 14.6 9.4
1844.2 62.1 23.1 53.1 26.5 38.4
2993.3 117.3 -9.6 26.2 1.8 3.1
5.6 15.1 9.1
485.9 -31 -12.4 6.9 15.4 10.2
1851.6 52 22.1 47.7 26.9 37.1
3005.1 124.6 -5.1 27.6 4.3 3.8
winner is: 18
