Regression analysis information for: common_voice_sw_38021900-04-012_0001
number of formants: 3
number of coeccicients: 5
1.2 8 10054.8
297.9 -1.7 9.8 6.1 1.6 -0.9
574.1 33.7 18.6 18.7 15.5 13.6
1903.9 -37.3 -123.4 -13.5 81.4 -11.3
1.3 9.2 10042.2
299.8 -3.7 10.8 6.8 1 -0.2
575.9 36.3 21 20.6 17.1 15.1
1948.7 -31.1 -119.8 -70 21.6 24.4
1.3 9.7 10031.1
301.8 -3.6 11.5 7.8 0.9 0.4
579.1 41.9 24.6 22.8 18.4 16
1984.2 -13.7 -98.2 -73.6 -15.2 -3.5
1.3 10.8 10022.3
303.6 -1.2 13.6 9.4 2.2 1
583.6 50.1 31.3 27.7 21.9 18.1
2000.2 15.6 -81.4 -67.7 -22.8 -16.7
1.3 12.3 9.9
307 1 15.2 11.7 3.9 1.1
585.4 56.2 34.5 29.2 24 19.1
2060.6 -24.8 -67.9 -47.5 -25.6 -17.5
2.3 13 12
305 11.9 11.7 12.1 8 -1.7
575.8 47.2 22.3 14.7 13.6 11.9
2133.4 -83.8 -56 -38.7 -31.7 -14.9
27.7 240.3 44
281 54.7 3.7 0.3 18.7 3.5
752.8 145.9 319.5 194.5 136.7 280.6
2257.1 -90.4 25.4 42.5 5.8 47.7
32 334.3 42.9
405.7 -128.7 55.3 43.8 -34.9 -9.3
1503.1 -674.7 469.8 645.7 32.7 -99.2
2387.1 -209 77.9 43.7 28.5 7
29.8 212.3 28.4
431.1 -137.5 -10.7 45.3 18.7 -10.7
1763.2 -790.6 124.4 666.8 397.3 14
2404 -168.6 15.1 22.5 88.8 1
11.6 204.6 38.2
454.1 -114.2 -27 22.7 24.4 6.8
1981.3 -575.1 -5.3 491.3 483.7 189.9
2478 -177.9 2.2 0.9 86.7 33.6
11.6 227.4 53.9
457.4 -110.4 -29.9 16.5 22.4 10.1
2049 -530.2 -92.6 352.5 460.6 298.5
2524.5 -211.1 -7.5 -27.5 66.6 62.8
13.1 232.9 85.2
458.7 -109.6 -32.4 13 22.5 14.4
2178.4 -351.1 -103.2 179.8 272.9 188.2
2494.8 -56.6 -48.5 -79.3 15 6.2
2 24.6 52.5
464.8 -101.6 -34.6 1.4 8.5 6.9
2305.6 -136.4 -121 -47.5 -7.3 -33.6
2516.5 56.1 -69.2 -135.8 -101.7 -75.2
1.9 24.8 63.7
464 -103.3 -36 0.2 7.4 6.3
2322.6 -142.5 -104.9 -19.6 -33.2 -16.3
2662.4 -132.8 -6 -162.7 -101.2 -80.2
2.3 28.9 52.3
464.4 -102.8 -36.5 -1 6.3 5.6
2319 -146.8 -110.6 -25.1 -38.4 -20
2676.2 -151.5 -2.6 -124.4 -128.7 -58.8
2.4 28.2 63.4
464.1 -102.9 -36.7 -1.4 6.4 6
2318.9 -143.6 -104.1 -20.7 -36.1 -18.7
2703.2 -179.4 -15.9 -97.2 -130 -63.7
2.4 22.7 79.2
462.2 -103.3 -34.7 -0.2 7 6.4
2328.6 -132.8 -95.2 -14.6 -26.8 -11.6
2806.7 -230.4 -44.3 -72.5 -160.1 -67.1
2.8 15.9 107.3
458.8 -104.1 -30.8 1.5 6.7 6.5
2335.6 -129.5 -95.4 -15 -20.7 -6.5
2917 -253.9 -86.2 -55.1 -164.4 -91.5
2.9 14.6 99.8
452.8 -104.2 -24.2 4.2 4.6 5.3
2351.5 -116.2 -83.6 -10.7 -10.3 -3.2
3022.2 -286.9 -189 -50.8 -108.2 -107.1
2.6 9.1 66.6
445.9 -103.7 -16.3 7.3 3.7 5.1
2360.1 -113.2 -80.5 -10.8 -4.6 0.2
3073.7 -224.2 -180.1 -76.1 -88.1 -69.2
winner is: 5
