common_voice_sw_38021900-04-010_0015 analysis information:
Number of steps:
20
Cutoff frequencies were: 
3000 3105 3211 3316 3421 3526 3632 3737 3842 3947 4053 4158 4263 4368 4474 4579 4684 4789 4895 5000
Number of coefficients for prediction: 
5
Number of formants: 
3
Winner is:
4053 4053 4053
Errors (total,f1,f2,f3): 
10270.2 322 273.3 323.9 234 219.9 246.3 162.2 270.4 68 60.2 150.5 219.1 209.6 207.8 245.3 246.4 231.4 211.2 199.7
34.2 39 9.8 34 32.6 15.1 11.6 13.4 15.9 8.4 10.3 73.7 130.2 123.7 125.3 155.2 156.2 143.9 136.6 117.6
154.2 156.3 137.1 198.7 133 123.2 124.3 99.1 190.4 17.3 20.2 37.8 44.8 45.3 44 47.3 47.6 42.9 42.2 45.8
10081.8 126.7 126.4 91.2 68.4 81.6 110.4 49.7 64.1 42.3 29.7 39 44.1 40.6 38.5 42.8 42.6 44.6 32.4 36.3
Coefficients are (row-wise by formant):
384.8 134.8 -69 20.5 10.3 -11.6
1743 195.1 -78.5 -20.1 79.3 -38.1
2208.6 -40 34 25.6 -16.9 41.6
