common_voice_sw_38021900-04-004_0003 analysis information:
Number of steps:
20
Cutoff frequencies were: 
3000 3105 3211 3316 3421 3526 3632 3737 3842 3947 4053 4158 4263 4368 4474 4579 4684 4789 4895 5000
Number of coefficients for prediction: 
5
Number of formants: 
3
Winner is:
3947 3947 3947
Errors (total,f1,f2,f3): 
10150.9 10049.8 10054.3 10036.2 45.8 46.5 48 117.1 18.8 13.5 21.3 219.3 225.3 128.5 138 153.8 138.1 162.7 153.1 240.6
2.5 3.9 5.4 4.6 1.6 1.5 1.3 1.3 1.3 1.7 4 55.3 56.5 13.9 13.2 13.7 15.1 16.3 16.8 12.4
25.9 3.8 3.1 2.2 4.4 8.6 11.1 27.6 6.2 2.5 5.6 122.6 103.5 66 80.2 76 67.6 96.6 87.8 130.9
10122.5 10042.1 10045.8 10029.4 39.8 36.4 35.6 88.2 11.3 9.3 11.7 41.4 65.3 48.6 44.6 64.1 55.4 49.8 48.5 97.3
Coefficients are (row-wise by formant):
525.4 266.7 113.2 -1.8 -52.1 -43.5
1613.8 653.4 106.7 -230.8 -80.4 100.3
2359.7 262.6 124 -74.7 -117.6 -124.2
