common_voice_sw_38021900-04-008_0003 analysis information:
Number of steps:
20
Cutoff frequencies were: 
3000 3105 3211 3316 3421 3526 3632 3737 3842 3947 4053 4158 4263 4368 4474 4579 4684 4789 4895 5000
Number of coefficients for prediction: 
5
Number of formants: 
3
Winner is:
5000 5000 5000
Errors (total,f1,f2,f3): 
10031.8 10034.3 10027.9 10030.8 10038.1 10091.7 10143.7 10088.2 10092.5 10220 10216 204.9 267 352.9 10313.4 10324.3 441.8 219.6 199.1 134
1.9 2.4 3.3 4.9 6.8 14.3 14.4 11.9 9.2 11.5 21.9 14.6 20.5 17.4 23.6 37.1 10.6 16.7 7.8 9.2
10.7 11.2 10 11.3 14 45.2 65.5 53 62.8 148.4 137.7 118.9 158.9 182.6 189.7 194 209 140.8 81 94.3
10019.2 10020.7 10014.6 10014.6 10017.3 10032.2 10063.8 10023.3 10020.5 10060.1 10056.4 71.4 87.6 152.9 10100.1 10093.2 222.2 62.1 110.3 30.5
Coefficients are (row-wise by formant):
455.7 -79 -58.8 -20.8 8.9 -0.2
1675.8 81.5 -289.8 -198.4 -165.6 -120.9
2496.9 -234.3 -78.4 -120.8 -144.8 -15.6
