common_voice_sw_38021900-04-004_0005 analysis information:
Number of steps:
20
Cutoff frequencies were: 
3000 3105 3211 3316 3421 3526 3632 3737 3842 3947 4053 4158 4263 4368 4474 4579 4684 4789 4895 5000
Number of coefficients for prediction: 
5
Number of formants: 
3
Winner is:
4684 4684 4684
Errors (total,f1,f2,f3): 
10171 10243.6 10115 10124.1 10113.1 10144.5 10139.4 10175.1 10192.2 10206.4 10157.3 10146.1 10199.6 192.7 236.1 258.6 108.5 113.1 460.4 419.1
21.2 25.5 21 19.8 19.1 20.8 26.1 25.2 28.5 33.8 26.1 31.7 35.3 39.7 72.9 32.8 10.3 11 41.3 42.5
65.5 72.9 62.2 68.2 67.3 72.1 66.2 68.4 66.8 66.9 62.8 60.3 113.8 115.2 87.5 92.3 29.3 32.9 238.3 205.1
10084.3 10145.2 10031.8 10036.1 10026.7 10051.6 10047.1 10081.5 10096.9 10105.7 10068.4 10054.1 10050.5 37.8 75.7 133.5 68.9 69.2 180.8 171.5
Coefficients are (row-wise by formant):
703.8 -90.7 -62.6 67.6 4.3 11.6
1577.2 -314.8 68 131.4 31.2 16.2
2094.3 -105.5 156 112.6 -137.8 -13.2
