common_voice_sw_38021900-04-008_0005 analysis information:
Number of steps:
20
Cutoff frequencies were: 
3000 3105 3211 3316 3421 3526 3632 3737 3842 3947 4053 4158 4263 4368 4474 4579 4684 4789 4895 5000
Number of coefficients for prediction: 
5
Number of formants: 
3
Winner is:
4789 4789 4789
Errors (total,f1,f2,f3): 
10041.9 10105.5 10065.3 10029.2 10032.7 10032.4 10041.8 10046.7 10038.7 10041 10051.7 10033.7 10024.3 10021.5 10019.8 10162.6 10246.7 128.2 164.1 195.7
10 10.4 10.1 8 7.2 6.9 8.4 8.9 9.7 14.3 19.5 0.5 0.5 0.6 0.7 0.9 34 3.2 14.7 0.5
11.7 16.5 8.3 6 9.5 9.4 15.2 18.6 11.9 11.2 17.3 26.2 15.1 13.2 10.9 23.2 204.3 89.8 106.4 106.6
10020.2 10078.6 10046.9 10015.2 10016 10016.1 10018.2 10019.2 10017.1 10015.5 10014.9 10007 10008.7 10007.7 10008.2 10138.5 10008.4 35.2 43 88.6
Coefficients are (row-wise by formant):
523.4 -3.4 -2.5 0.4 -1.9 -3.1
1417.7 -665.9 3.2 143.2 -23.9 -167.4
2097.4 -712.7 21.1 42.9 -115.1 -15.2
