common_voice_sw_38021900-04-010_0002 analysis information:
Number of steps:
20
Cutoff frequencies were: 
3000 3105 3211 3316 3421 3526 3632 3737 3842 3947 4053 4158 4263 4368 4474 4579 4684 4789 4895 5000
Number of coefficients for prediction: 
5
Number of formants: 
3
Winner is:
3632 3632 3632
Errors (total,f1,f2,f3): 
10043.6 10037.2 10056.3 10057.1 10047.8 10043.3 61.8 75.1 82.6 444.7 272.3 228 216.1 183.7 216.3 332.1 317.6 262.3 203.5 233.8
5.6 4.3 2.7 2 2.5 2.3 3.9 7.6 6.6 20.2 11.7 10.2 6.5 6.6 6.9 6.7 7.2 7.8 7.6 6.7
10.3 11.8 30.2 29.8 10.1 10.6 24.5 35.2 45.9 307.9 164.3 140.8 113.9 92.4 91 160.4 105.9 95.2 54.6 70
10027.7 10021.1 10023.4 10025.3 10035.2 10030.4 33.4 32.3 30.1 116.6 96.3 77 95.7 84.7 118.4 165 204.5 159.3 141.3 157.1
Coefficients are (row-wise by formant):
526.9 2 -10.4 8.6 6.7 10.4
885.8 -161.3 132.4 -37.5 17.4 5
2021.9 -345.9 -66.9 -12 -93.3 -1.9
