common_voice_sw_38021900-04-012_0009 analysis information:
Number of steps:
20
Cutoff frequencies were: 
3000 3105 3211 3316 3421 3526 3632 3737 3842 3947 4053 4158 4263 4368 4474 4579 4684 4789 4895 5000
Number of coefficients for prediction: 
5
Number of formants: 
3
Winner is:
4895 4895 4895
Errors (total,f1,f2,f3): 
10100.9 10114.2 10102.2 10050.7 10044.8 10055.9 10051 10035.1 10025.9 10150.4 10159.6 10457.8 337.8 516.5 395.5 38.3 41.6 32.1 29.4 33
16.6 21 19.2 9.1 6.2 10.2 7.1 4.3 10.6 13.7 15.2 92.9 73.4 50.8 40.6 12 13.7 12.3 13.4 12.1
29.5 37.1 38.5 34.5 36.2 42.7 40.3 27.9 12.8 90.6 96 210 158.1 264.2 185.7 4.4 4 3.4 3 3.7
10054.8 10056.1 10044.5 10007.1 10002.4 10003 10003.6 10002.9 10002.5 10046.1 10048.4 10154.9 106.3 201.5 169.2 21.9 23.9 16.4 13 17.2
Coefficients are (row-wise by formant):
677.2 -58.6 -86.2 35 -12.2 6.7
1755.6 70.2 -1.8 9.5 7.6 5.6
2719.2 -82.5 -40 -71.4 -36.7 19.2
