common_voice_sw_38021900-04-004_0002 analysis information:
Number of steps:
20
Cutoff frequencies were: 
3000 3105 3211 3316 3421 3526 3632 3737 3842 3947 4053 4158 4263 4368 4474 4579 4684 4789 4895 5000
Number of coefficients for prediction: 
5
Number of formants: 
3
Winner is:
4684 4684 4684
Errors (total,f1,f2,f3): 
10106.3 10101.1 10107.3 10101.1 10131.5 10147.7 10092.4 10196.6 10246 177.7 207.7 197.8 199.7 155.8 165.6 127.7 119.2 181.8 301.2 144.8
22.5 27.6 20.6 23.4 27.8 29.4 26.4 42.7 37.6 27.1 28.5 27.7 25.7 29.9 29.8 32.7 36.6 42.6 47.3 26.3
37.1 37.6 47 45.7 59.1 68.3 48.7 122.6 167.9 122.4 142.1 129.2 122.2 102.7 108.4 72.8 57.4 116.8 164.2 88.3
10046.7 10035.9 10039.7 10032 10044.6 10050 10017.3 10031.3 10040.5 28.2 37.1 40.9 51.8 23.2 27.4 22.2 25.2 22.4 89.7 30.2
Coefficients are (row-wise by formant):
714.4 12.1 -164.6 -9.4 -17.8 48.7
1429.7 -247.1 372.5 168.3 95.2 10.1
2066.5 -101.6 41 34.8 30.9 21.1
