common_voice_sw_38021900-04-002_0015 analysis information:
Number of steps:
20
Cutoff frequencies were: 
3000 3105 3211 3316 3421 3526 3632 3737 3842 3947 4053 4158 4263 4368 4474 4579 4684 4789 4895 5000
Number of coefficients for prediction: 
5
Number of formants: 
3
Winner is:
4895 4895 4895
Errors (total,f1,f2,f3): 
10050.3 10043.7 10040.6 10300 10123.4 179.3 355.8 424.2 363.7 433.3 153.1 166.2 170.3 140.9 155.3 212.1 117.6 70.3 66.8 71.9
22 14.5 13.6 81.2 39.4 33.8 49.3 82 70.1 93.8 4.7 6.5 5 4.4 6.6 7.2 17 14.3 15 14.7
1.5 1.2 1.5 137.6 44.7 121.1 251.6 200.4 160 199.5 70.3 98.4 67.6 57.8 46.3 90.3 12.5 11.9 10.9 11
10026.8 10028 10025.5 10081.2 10039.3 24.4 54.9 141.8 133.6 140 78.1 61.3 97.7 78.7 102.4 114.6 88.1 44.1 40.9 46.2
Coefficients are (row-wise by formant):
705.7 86.3 -62.5 28.4 -22.3 26.9
1736.1 271.7 -28.5 27.6 -1.9 11.4
2468.4 -122.4 123.9 34.8 -77.3 20.2
