common_voice_sw_38021900-04-012_0013 analysis information:
Number of steps:
20
Cutoff frequencies were: 
3000 3105 3211 3316 3421 3526 3632 3737 3842 3947 4053 4158 4263 4368 4474 4579 4684 4789 4895 5000
Number of coefficients for prediction: 
5
Number of formants: 
3
Winner is:
3842 3842 3842
Errors (total,f1,f2,f3): 
10144.2 10092.5 10054.3 10105.7 10092.7 10106.7 10169.2 191.9 191.5 241.9 206.9 194.6 222.2 10258.4 234.8 201.5 207 220 231.4 229.6
14 11.9 12.8 15.5 12.1 17.2 20.6 36.3 41.9 53.1 41.3 28.9 25.9 40.4 38.8 21.7 24.3 18.8 15.9 15.6
25 6.2 5.2 17.4 62.8 25.8 111.9 91.1 89.9 115.7 98.8 96.2 110.9 122.4 99 83.5 79.9 70.4 78.8 95.8
10105.2 10074.4 10036.3 10072.8 10017.8 10063.7 10036.7 64.5 59.7 73.1 66.8 69.5 85.4 10095.6 97 96.3 102.8 130.8 136.7 118.2
Coefficients are (row-wise by formant):
506.6 59 -6.6 -63.2 46.1 -29.3
1078.4 14.3 372.6 -237.3 98.7 -66
1805.6 -354.4 183.6 -153.1 80.2 -30.5
