common_voice_sw_38021900-04-002_0012 analysis information:
Number of steps:
20
Cutoff frequencies were: 
3000 3105 3211 3316 3421 3526 3632 3737 3842 3947 4053 4158 4263 4368 4474 4579 4684 4789 4895 5000
Number of coefficients for prediction: 
5
Number of formants: 
3
Winner is:
4895 4895 4895
Errors (total,f1,f2,f3): 
10074.3 10030.7 10040.1 10036.9 10079 10094.6 10097.9 10106 10181.6 10099.8 10380.6 10404.3 232.8 292.3 241 55.7 41.3 39.2 32.5 38.1
31.9 11.2 23.3 22.8 10.3 30.6 28.7 26.8 47.5 21.9 60.4 65.6 33.9 18.3 39.9 3.7 4 4.1 4 4
4.3 4.3 3.3 4.6 60.2 58.6 63.1 71.1 81.9 41.5 240.8 253.5 127.1 161.5 125.3 11.6 11.3 12.1 10.5 12.2
10038.1 10015.2 10013.5 10009.5 10008.5 10005.4 10006.1 10008.1 10052.2 10036.4 10079.4 10085.2 71.8 112.5 75.8 40.4 26 23 18 21.9
Coefficients are (row-wise by formant):
683.9 -19.4 -47.7 -0.3 3.7 -0.9
1765.2 -46.1 -19.7 -23.7 -11.2 -2.7
2372 -12.9 -91.5 -39.1 19.9 26.4
