common_voice_sw_38021900-04-012_0005 analysis information:
Number of steps:
20
Cutoff frequencies were: 
3000 3105 3211 3316 3421 3526 3632 3737 3842 3947 4053 4158 4263 4368 4474 4579 4684 4789 4895 5000
Number of coefficients for prediction: 
5
Number of formants: 
3
Winner is:
5000 5000 5000
Errors (total,f1,f2,f3): 
10019.8 10009.8 10010.1 10009.1 10019.7 10024.8 10076.6 10078 10122.5 10250.6 10325.5 10424.8 10576.1 374.6 225.3 281.7 260 35.8 32.7 27.1
1 1.1 1.3 1.4 1.2 5.5 26.5 19.6 33 33.5 49.8 65.9 77.9 49.4 6.1 7.4 5.3 5.2 5.2 4.2
4.4 3.6 2.4 3.2 4.5 6.6 40.6 49 80.2 100.1 91.8 115.5 160.8 110 74.1 73.8 96.6 15.1 15.6 15.4
10014.4 10005.1 10006.4 10004.5 10014 10012.7 10009.5 10009.4 10009.3 10117 10183.9 10243.4 10337.4 215.2 145.1 200.5 158.1 15.5 11.9 7.5
Coefficients are (row-wise by formant):
564.3 -102.9 -69.2 -16.2 -8.2 5.1
1446 2.4 48.4 36.3 28.7 35.8
3362.4 -11.1 47 42.9 -1.2 5.8
