common_voice_sw_38021900-04-010_0012 analysis information:
Number of steps:
20
Cutoff frequencies were: 
3000 3105 3211 3316 3421 3526 3632 3737 3842 3947 4053 4158 4263 4368 4474 4579 4684 4789 4895 5000
Number of coefficients for prediction: 
5
Number of formants: 
3
Winner is:
5000 5000 5000
Errors (total,f1,f2,f3): 
10108.7 10094.7 10081.5 10176.9 10170.5 10166.9 10105.5 10126.1 10352.5 10468.7 10475.8 10566.9 525.7 603.8 662.9 246.2 376.3 445.8 339.8 70
30.5 19.2 14.4 32.1 48.3 67.8 41.3 57.3 66 58.1 57.6 74.9 99.2 45 56.7 17.6 37.4 51.8 40.9 7
11.8 9.2 7.6 63.6 48.7 93.6 59.1 60 121.6 173.2 182.1 198.9 204.1 263 261.4 78.6 116.2 123.3 97.2 8.5
10066.4 10066.3 10059.5 10081.2 10073.5 10005.5 10005.1 10008.8 10164.9 10237.4 10236.1 10293.1 222.4 295.8 344.8 150 222.7 270.7 201.7 54.5
Coefficients are (row-wise by formant):
729.5 -42.5 -35 34 -3.8 18.6
1662.6 90.5 -21.2 5.5 -17.1 1.8
2990 -107 -280.5 -135.3 -14.9 -101.5
