common_voice_sw_38021900-04-006_0010 analysis information:
Number of steps:
20
Cutoff frequencies were: 
3000 3105 3211 3316 3421 3526 3632 3737 3842 3947 4053 4158 4263 4368 4474 4579 4684 4789 4895 5000
Number of coefficients for prediction: 
5
Number of formants: 
3
Winner is:
3842 3842 3842
Errors (total,f1,f2,f3): 
10071.8 10071.6 10184.4 10135 10124.7 10189.8 10276.1 10261.8 199.9 296.9 278.9 318.4 346.8 10529.4 10618.1 10448.6 329.9 290.1 474.6 271.9
18.5 20.8 77.5 75.9 60.5 68.6 90.3 63.7 57.2 46.2 47.6 64.2 64.9 65.8 128.9 70.7 45.7 27.9 52.3 30.6
13.7 14.5 65.1 38.3 49.2 101.4 146.9 144 128.5 151.8 177.8 169.2 182.9 258.6 272.8 187.9 120.4 91.6 109.8 44
10039.6 10036.3 10041.8 10020.8 10015 10019.8 10038.9 10054.1 14.2 98.9 53.5 85 99 10205 10216.4 10190 163.8 170.6 312.5 197.3
Coefficients are (row-wise by formant):
640.3 27.4 -79.2 -166.9 -32.9 29.7
1105.8 -74.8 -16.1 -344.7 31.1 -8.7
1653.4 -241.8 -34.3 -89.6 6.1 -8.6
