common_voice_sw_38021900-04-010_0005 analysis information:
Number of steps:
20
Cutoff frequencies were: 
3000 3105 3211 3316 3421 3526 3632 3737 3842 3947 4053 4158 4263 4368 4474 4579 4684 4789 4895 5000
Number of coefficients for prediction: 
5
Number of formants: 
3
Winner is:
4263 4263 4263
Errors (total,f1,f2,f3): 
10058.7 10061.9 10064.3 10055.2 10072.4 10185.9 10088.1 10095.2 10111.8 10103.7 10085.5 10066.1 10047.5 10068 10155.5 10158.9 10152.1 10141 10313.2 10299.2
3.1 3 4.7 5.1 5.3 16.8 20.1 21.1 21.8 17.2 12.9 9.9 11.3 14.8 16.5 17.6 19.2 24.3 40 21.7
18.6 18.3 18.1 20.7 20.4 48 20.8 22.4 24.8 18.9 14.3 13 12 13.7 17.7 20.7 23 24.4 79.3 87.2
10037 10040.6 10041.5 10029.4 10046.7 10121.1 10047.2 10051.7 10065.2 10067.6 10058.3 10043.2 10024.2 10039.5 10121.3 10120.6 10109.9 10092.3 10193.9 10190.3
Coefficients are (row-wise by formant):
497.4 80.4 -24.4 28.4 -5.3 19.7
853.5 -6.6 -10.9 0.9 0.4 2.7
1630.4 -142.9 -53.5 28.4 -7.3 -21.1
