common_voice_sw_38021900-04-012_0017 analysis information:
Number of steps:
20
Cutoff frequencies were: 
3000 3105 3211 3316 3421 3526 3632 3737 3842 3947 4053 4158 4263 4368 4474 4579 4684 4789 4895 5000
Number of coefficients for prediction: 
5
Number of formants: 
3
Winner is:
3632 3632 3632
Errors (total,f1,f2,f3): 
10104.1 10092.4 10105 10121 10138.6 10144.5 193.3 542.9 413.5 422.2 372.7 462.6 481.1 496.6 377 298.4 301.4 405.2 395 417.6
3.1 3 2.7 2.9 4.6 6.9 16 29.6 7.1 9 6.3 7.1 14 14.9 8.9 8.2 6.5 5.9 5.8 6.1
29.3 29.7 37.7 34.1 36.3 37.4 46.4 286.2 262.3 327.7 295.3 363 363.8 352.7 240 225.3 230.7 244.6 243.1 266
10071.7 10059.7 10064.6 10084 10097.7 10100.2 130.9 227.1 144.1 85.5 71.1 92.5 103.3 129 128.1 64.9 64.2 154.7 146.1 145.5
Coefficients are (row-wise by formant):
361.8 25.3 -42.3 -18.9 -6.4 -7.6
1871.9 194.9 -305.7 641.1 -77.7 -161.3
2657 -94.6 -73.9 134.9 -57.6 -40.9
