common_voice_sw_38021900-04-006_0006 analysis information:
Number of steps:
20
Cutoff frequencies were: 
3000 3105 3211 3316 3421 3526 3632 3737 3842 3947 4053 4158 4263 4368 4474 4579 4684 4789 4895 5000
Number of coefficients for prediction: 
5
Number of formants: 
3
Winner is:
4895 4895 4895
Errors (total,f1,f2,f3): 
10023.9 10022.4 10036.3 10058.2 10095.3 10056.2 10049.2 10057.9 10038.7 10040.2 10020 10020.3 10023 10032.9 10286.3 10228.1 218.7 94.9 92.7 99.3
6.1 6.3 9.6 15.9 17.1 26.7 28.4 27.9 2.3 21.7 6.7 5.3 11.1 18.9 40.3 3 58.2 3.4 3.8 3.5
4.1 4.7 8.5 23.7 25.8 15.3 18.5 27.7 33.7 17.6 9.5 10.1 8.4 11.4 125.4 104.3 100.5 50.9 45.3 29.7
10013.7 10011.4 10018.2 10018.6 10052.4 10014.2 10002.3 10002.3 10002.7 10000.9 10003.8 10004.9 10003.5 10002.6 10120.6 10120.8 60 40.6 43.6 66.1
Coefficients are (row-wise by formant):
622.1 35.2 36.7 -24.1 0.4 -0.8
1672.8 -222.6 -214.2 -117.5 -89.1 -59.2
2569.6 -497.2 -155.7 -271.4 -101.3 -106.8
