common_voice_sw_38021900-04-010_0004 analysis information:
Number of steps:
20
Cutoff frequencies were: 
3000 3105 3211 3316 3421 3526 3632 3737 3842 3947 4053 4158 4263 4368 4474 4579 4684 4789 4895 5000
Number of coefficients for prediction: 
5
Number of formants: 
3
Winner is:
4789 4789 4789
Errors (total,f1,f2,f3): 
10059.8 10118.9 10082.5 10082.9 10137.4 10166.1 10249.3 10227.6 10228.1 10187.2 10191.8 10191.2 10255.2 10514.4 424.7 302.8 394.7 88.6 89.3 114.6
9.2 13.8 13.2 11.6 16.7 16.7 25.6 22.1 37.6 24.5 14.6 15 33.1 53.9 50.9 44.8 89.7 6.5 5 7.4
26.1 41.1 32 39.8 76.4 109.7 172.9 172.8 145.5 101.4 127.6 122.5 158.3 232.6 195.5 119.3 140.2 44.6 41.7 59.5
10024.5 10064 10037.3 10031.5 10044.3 10039.7 10050.8 10032.7 10045 10061.3 10049.6 10053.7 10063.8 10227.9 178.3 138.7 164.8 37.5 42.6 47.7
Coefficients are (row-wise by formant):
665.4 -123.9 -46.2 21.8 -10.7 -11.8
1650.6 304 -99.2 116.5 10.3 19.5
2553.5 -123.9 -122.4 124.4 -15.1 -20.1
