common_voice_sw_38021900-04-002_0008 analysis information:
Number of steps:
20
Cutoff frequencies were: 
3000 3105 3211 3316 3421 3526 3632 3737 3842 3947 4053 4158 4263 4368 4474 4579 4684 4789 4895 5000
Number of coefficients for prediction: 
5
Number of formants: 
3
Winner is:
4684 4684 4684
Errors (total,f1,f2,f3): 
10024 10021.9 10018.4 10037.5 10033.4 10223.4 176 95.8 142.1 227.2 180.1 245.5 222.2 267 126.6 67.8 49.9 54.8 72.7 118.1
7.9 3.4 3.7 6.2 11.6 12.2 5.4 5.7 15.8 9.3 19.1 37.4 35.1 20.8 4.9 4.7 4.6 4.6 4.8 4.8
6.9 2.4 3.1 5.2 6.1 156 130.6 76.3 113.7 193.7 130.8 180.1 153.5 145.6 36.1 23.2 24.5 28.5 33.1 29.8
10009.2 10016.1 10011.6 10026.1 10015.7 10055.2 40 13.8 12.6 24.2 30.2 28 33.6 100.6 85.6 39.9 20.8 21.7 34.8 83.5
Coefficients are (row-wise by formant):
584.8 87.3 -45.5 11.1 -0.6 -3
2224.8 -176.7 -148.7 -16.3 -46.5 3
2472.6 -120.6 1 -15.5 63.3 49.2
