common_voice_sw_38021900-04-014_0003 analysis information:
Number of steps:
20
Cutoff frequencies were: 
3000 3105 3211 3316 3421 3526 3632 3737 3842 3947 4053 4158 4263 4368 4474 4579 4684 4789 4895 5000
Number of coefficients for prediction: 
5
Number of formants: 
3
Winner is:
3526 3526 3526
Errors (total,f1,f2,f3): 
10046.8 10048.8 10046.4 10062.8 10043 48.7 155.9 163.7 360.2 476.3 486.6 437.5 475.3 128 139 95.8 97.3 126.2 140 169.5
4.6 2.5 2.2 2.1 3 4.9 7 12.7 40.1 21.4 27.2 27.2 34.7 5.4 5.9 6.3 6.3 6.7 6.3 4.6
10.8 9.9 9.2 9.2 9.9 12 112 102.9 241.7 321.3 323 318.3 373 50.9 58.2 48.8 39.3 45.9 56.3 40.4
10031.4 10036.4 10035 10051.5 10030.1 31.8 36.9 48.1 78.4 133.6 136.4 92 67.6 71.7 74.9 40.7 51.7 73.6 77.4 124.5
Coefficients are (row-wise by formant):
424.5 -3 -88.9 -25.5 -23.9 -21.2
2210.5 -23.8 -303.6 -51.7 19.8 50
2711.9 -99.8 -39.6 -23.9 -15.5 -49.9
