common_voice_sw_38021900-04-004_0008 analysis information:
Number of steps:
20
Cutoff frequencies were: 
3000 3105 3211 3316 3421 3526 3632 3737 3842 3947 4053 4158 4263 4368 4474 4579 4684 4789 4895 5000
Number of coefficients for prediction: 
5
Number of formants: 
3
Winner is:
4789 4789 4789
Errors (total,f1,f2,f3): 
10025.4 10049.1 58.2 32.5 30.6 27.8 28 29.4 35.5 47.2 54.4 203 263.2 278.4 271 288.3 30.5 26.8 27.5 33.4
8.9 12.2 10.7 11.4 12.9 12.3 12.2 13.2 15.4 21 30.5 26.2 30.6 21.9 11.6 34.8 1.3 1.4 1.5 1.5
7.4 10.2 13.9 12.3 10.1 9.5 9.8 10.4 12 16.1 14.8 153.4 203.5 212.3 215.1 196.8 4.8 6.2 7.2 8.8
10009.1 10026.7 33.6 8.8 7.6 6 6 5.8 8.1 10.1 9.1 23.4 29.1 44.2 44.3 56.7 24.4 19.2 18.8 23.1
Coefficients are (row-wise by formant):
495 8.4 4.8 6.9 0.7 1
2173.8 -169 -21.4 -15.6 -34.9 6.7
2303.6 -188.8 -51.4 37.2 46.3 -52.3
