common_voice_sw_38021900-04-006_0008 analysis information:
Number of steps:
20
Cutoff frequencies were: 
3000 3105 3211 3316 3421 3526 3632 3737 3842 3947 4053 4158 4263 4368 4474 4579 4684 4789 4895 5000
Number of coefficients for prediction: 
5
Number of formants: 
3
Winner is:
4789 4789 4789
Errors (total,f1,f2,f3): 
10026.8 10015.7 10015.9 10035.4 10059.6 10069.2 10059.5 10224.5 10627 147.2 86.2 62.6 25.4 33.3 36 44.3 18.2 14.8 16 15.9
8.3 7.2 8.7 25.3 10.1 15.1 6.3 34.3 64.2 5.7 3.7 3.5 3.4 4.9 3.6 3.9 4.4 4.6 6.6 6.6
5 4.2 5 7.7 46.8 51.1 50.8 121.1 241.9 23.4 2.4 2.6 2.7 2.1 1.8 1.9 1.7 1.9 2.3 2.5
10013.5 10004.3 10002.2 10002.4 10002.7 10003 10002.4 10069.1 10320.9 118.1 80.1 56.5 19.3 26.3 30.6 38.5 12.1 8.3 7.1 6.8
Coefficients are (row-wise by formant):
534 65.2 -21 -23.5 -0.4 -2.7
1630.6 20.2 -9.7 12.7 0.4 5.2
2728.1 -86.7 4.2 -18.8 -35.2 16
