common_voice_sw_38021900-04-012_0014 analysis information:
Number of steps:
20
Cutoff frequencies were: 
3000 3105 3211 3316 3421 3526 3632 3737 3842 3947 4053 4158 4263 4368 4474 4579 4684 4789 4895 5000
Number of coefficients for prediction: 
5
Number of formants: 
3
Winner is:
4789 4789 4789
Errors (total,f1,f2,f3): 
10012.8 10017.6 10019.9 317.7 182.9 243.4 156.1 195.6 181.9 189.3 213.8 309 248.6 256 435.2 125.9 97 80.7 109.1 216.3
6.2 8 10.6 70.5 50.7 22.8 27.9 30.1 18.7 20.8 36.2 29.6 16.7 26 36.9 12.5 6.7 6.2 10 31.8
3.7 5.9 6.5 125.9 62.2 94.4 69.1 90.2 88.5 87.7 91.7 92.7 89.6 73.3 95.7 8.2 8.6 5.5 5.4 72.9
10002.9 10003.7 10002.8 121.3 70 126.2 59.1 75.3 74.7 80.8 85.9 186.7 142.3 156.7 302.6 105.2 81.7 69 93.7 111.6
Coefficients are (row-wise by formant):
536.2 -113.4 -80.2 33 -34.5 -1.3
1482.9 11.5 -56.4 17.7 9.9 15.6
2696.7 -125.2 -90.7 143.3 -153.8 142.5
