common_voice_sw_38021900-04-002_0005 analysis information:
Number of steps:
20
Cutoff frequencies were: 
3000 3105 3211 3316 3421 3526 3632 3737 3842 3947 4053 4158 4263 4368 4474 4579 4684 4789 4895 5000
Number of coefficients for prediction: 
5
Number of formants: 
3
Winner is:
4053 4053 4053
Errors (total,f1,f2,f3): 
10027 10028.8 10025.1 10021.3 10019 10019.6 10020.2 10026 10025.5 10028.4 25.4 31.4 47.6 10048 164.7 202.3 213.5 366.6 329.5 365.8
2.3 2.4 2.4 2.8 2.7 2.5 2.4 2.7 2.4 2.2 2 2.2 2.2 4.7 6.7 6.9 9.5 5.8 14.4 19.7
11.5 12.4 13 13.6 12.4 12.1 12.3 15.3 17.3 19.6 20.7 25.2 31 32.4 98.8 116 94.4 154.5 131.1 170.6
10013.2 10014 10009.7 10004.9 10003.9 10005 10005.5 10008 10005.8 10006.6 2.7 4 14.4 10010.9 59.2 79.4 109.6 206.3 184 175.5
Coefficients are (row-wise by formant):
345.5 12.7 -29.2 5.1 0.6 -8.2
773.3 226 -63.4 -52.1 16.4 -17.2
1695.1 47.8 -80.2 -3.5 -1.2 8.2
