common_voice_sw_38021900-04-002_0017 analysis information:
Number of steps:
20
Cutoff frequencies were: 
3000 3105 3211 3316 3421 3526 3632 3737 3842 3947 4053 4158 4263 4368 4474 4579 4684 4789 4895 5000
Number of coefficients for prediction: 
5
Number of formants: 
3
Winner is:
4684 4684 4684
Errors (total,f1,f2,f3): 
10165.3 10160.8 10184.7 10195.8 10204.7 10178.2 10140.1 10173.6 10470.4 10351.3 10256.1 10543 10276.9 10306.7 233.2 193.7 162.8 166.6 188.4 219.4
23.6 26.3 27.1 26.6 30.5 42.4 17 31.1 47.9 26.6 41.9 56.4 20.8 19.9 17 3.9 4.1 4.3 4.6 4.7
44.5 43.8 48.7 51.3 56.5 53.1 48.8 45.4 111.2 62.2 50.9 111 49.5 110.6 95.9 69.6 63.1 65.7 73.2 82.2
10097.2 10090.7 10108.9 10117.9 10117.7 10082.7 10074.3 10097.1 10311.3 10262.5 10163.3 10375.6 10206.6 10176.2 120.3 120.2 95.6 96.6 110.6 132.5
Coefficients are (row-wise by formant):
475.5 -26.8 -35.5 -17.2 -6.6 -7.2
903.1 -174 83.5 -129.7 104.3 -75.5
2177.7 -574.2 -315.8 126.3 155.9 21.7
