common_voice_sw_38021900-04-012_0006 analysis information:
Number of steps:
20
Cutoff frequencies were: 
3000 3105 3211 3316 3421 3526 3632 3737 3842 3947 4053 4158 4263 4368 4474 4579 4684 4789 4895 5000
Number of coefficients for prediction: 
5
Number of formants: 
3
Winner is:
4053 4053 4053
Errors (total,f1,f2,f3): 
10023.6 10024.7 10029.1 10036.5 10041 10041.3 10047.1 10174 10140.2 10139.2 62.8 10064.1 10057.7 10074.9 10055.5 418.8 384.4 351.9 381.5 218.1
2.1 2.5 2.3 2.6 2.9 3.1 3.3 11.1 8.1 12.3 6.7 17.7 5.9 4.8 8.4 21.8 9.4 8.2 16.2 4.9
10.2 13.1 14.8 18.7 21.4 21.3 19.6 38.5 24.3 80 48.5 33.5 35.7 42.1 27.2 124.7 58.4 59.2 127.6 47.1
10011.3 10009.1 10012 10015.2 10016.7 10016.9 10024.2 10124.4 10107.8 10046.9 7.6 10012.9 10016.1 10028 10019.9 272.3 316.6 284.5 237.7 166.1
Coefficients are (row-wise by formant):
382 -8.6 -67.1 45.9 -10.6 14.4
869.4 115.1 35.7 -133.2 4.6 20.9
1427.1 -2.7 123.4 76.3 8.7 -77.9
