common_voice_sw_38021900-04-012_0011 analysis information:
Number of steps:
20
Cutoff frequencies were: 
3000 3105 3211 3316 3421 3526 3632 3737 3842 3947 4053 4158 4263 4368 4474 4579 4684 4789 4895 5000
Number of coefficients for prediction: 
5
Number of formants: 
3
Winner is:
3316 3316 3316
Errors (total,f1,f2,f3): 
10114 10089.4 80.1 74.1 78.8 93.4 78.6 280.5 646 572.1 500.9 458.3 93 230.4 127.9 115 97.7 97.1 83.4 90.4
11.8 12.5 12.3 13 12.2 13.7 18.6 37.9 62.6 60 69.5 43.3 26.7 40.1 28.6 29.3 29.4 28.3 26.1 25
10.5 10.1 39.1 43.4 44.8 46.9 20.9 197.3 492.3 435.8 359.3 330.4 27.5 114.6 24.9 20.9 13.5 23.6 19.9 18.1
10091.7 10066.8 28.7 17.7 21.8 32.8 39.1 45.3 91.1 76.3 72.1 84.6 38.8 75.7 74.4 64.8 54.8 45.2 37.4 47.3
Coefficients are (row-wise by formant):
507.7 60.5 87.6 91.7 10.1 -36.4
2397.5 -60.2 -63.1 62.2 -33.4 21.4
2833.8 -174.5 -176.7 34 -41.1 82.3
