common_voice_sw_38021900-04-010_0008 analysis information:
Number of steps:
20
Cutoff frequencies were: 
3000 3105 3211 3316 3421 3526 3632 3737 3842 3947 4053 4158 4263 4368 4474 4579 4684 4789 4895 5000
Number of coefficients for prediction: 
5
Number of formants: 
3
Winner is:
4579 4579 4579
Errors (total,f1,f2,f3): 
10110.1 10112.1 10079 10086.4 10165.6 10201.1 391.5 365.9 249.8 359.2 426 439.4 414.3 417.8 265.3 199.6 223.3 212.2 404.5 485
8 8.3 10.6 14.6 15.8 20.4 42.5 41 43.8 15.6 18 22.2 19.2 25.3 8.5 6.5 5.4 5.8 6.3 4.6
23.4 20.1 23.8 13.7 80 97.6 256.2 246.6 180.5 248.7 298.3 333.4 352.7 351.6 211.1 173.1 167.8 131 323.3 366.9
10078.7 10083.7 10044.6 10058.1 10069.8 10083.1 92.8 78.3 25.5 94.9 109.7 83.8 42.4 40.9 45.7 20 50.1 75.4 74.9 113.5
Coefficients are (row-wise by formant):
521.5 -49 -39.5 5.2 17.3 15
1920.6 -253.2 -253.3 -27.9 204.3 196.5
2442.1 48.6 -25.7 16.5 0.5 8.5
