common_voice_sw_38021900-04-006_0009 analysis information:
Number of steps:
20
Cutoff frequencies were: 
3000 3105 3211 3316 3421 3526 3632 3737 3842 3947 4053 4158 4263 4368 4474 4579 4684 4789 4895 5000
Number of coefficients for prediction: 
5
Number of formants: 
3
Winner is:
4263 4263 4263
Errors (total,f1,f2,f3): 
10034.9 10050.4 10053.2 10066 10074.6 10053.3 10078.4 10073.7 10084.2 265 255.2 240.2 118.2 121.4 155.1 204.1 152.8 165.1 180.2 223.2
5.9 16.1 25 33.4 40.4 22.2 8.8 9.1 18 53.7 42.9 33.1 12.5 13.6 19.7 23.7 30.1 32.5 34.6 42.2
13.3 13.6 21.9 26 26.1 20.8 47.4 44.6 46.9 118.9 116.3 100.4 41.5 46.7 53.1 87.9 68.6 70.9 78.6 86.6
10015.7 10020.7 10006.3 10006.6 10008.1 10010.3 10022.2 10020 10019.3 92.4 96 106.7 64.2 61.1 82.3 92.5 54.1 61.7 67 94.4
Coefficients are (row-wise by formant):
553.3 -55.9 -66.3 -3.3 -11.7 6
1168.3 -114.7 -39.9 -91.5 -13.4 21.5
1686.6 -153.6 17 -213.5 -70.6 13.3
