common_voice_sw_38021900-04-012_0010 analysis information:
Number of steps:
20
Cutoff frequencies were: 
3000 3105 3211 3316 3421 3526 3632 3737 3842 3947 4053 4158 4263 4368 4474 4579 4684 4789 4895 5000
Number of coefficients for prediction: 
5
Number of formants: 
3
Winner is:
4684 4684 4684
Errors (total,f1,f2,f3): 
10119.2 10162.8 10173.9 10095 10111.3 10116.7 10119.5 10094 10089.6 10147 10187.1 10217.7 398 627.8 628.2 122.9 108.1 112.2 118.4 118.4
28.5 29.7 24.6 12.7 18.2 19 21 21.1 17 9.7 6.1 49.6 46.4 38.2 77.8 7.3 6.7 5.7 4.1 3.4
49.3 64 83.8 51.7 71.2 71.9 77.2 62.3 61.5 112.4 151.9 150.5 183.6 283.7 268.2 33.6 24.6 23 18.6 16.7
10041.4 10069.1 10065.5 10030.6 10021.9 10025.8 10021.3 10010.6 10011.1 10024.9 10029.1 10017.6 168 305.9 282.2 82 76.8 83.5 95.7 98.3
Coefficients are (row-wise by formant):
629.7 55 -63.9 23.8 -13.2 9.9
1816 -257.2 38.9 -80.2 -36.6 -2.7
2525.4 -17.2 -468.3 -242.3 -226 -33.2
