common_voice_sw_38021900-04-002_0002 analysis information:
Number of steps:
20
Cutoff frequencies were: 
3000 3105 3211 3316 3421 3526 3632 3737 3842 3947 4053 4158 4263 4368 4474 4579 4684 4789 4895 5000
Number of coefficients for prediction: 
5
Number of formants: 
3
Winner is:
5000 5000 5000
Errors (total,f1,f2,f3): 
10226.4 10185.7 10144.9 10142.4 10131.1 10131.6 10219.4 10241.6 10283.1 10309.7 10343.2 10353.7 10356.4 10403.3 568.4 466.3 401 375 348.3 331.9
47.1 39.4 38.9 39.3 39.4 38.3 53 55 62 63.2 73.8 71.9 69.9 73.9 91.7 73.9 63 54.8 47 39.8
74 68.1 48.7 46.7 33.5 31.1 83.2 103.2 128.2 149.4 158.2 159.9 154.3 162.2 236.8 164.4 142.5 147 142.8 130.8
10105.3 10078.2 10057.3 10056.4 10058.2 10062.2 10083.2 10083.4 10092.9 10097.1 10111.2 10121.9 10132.2 10167.2 239.9 228 195.5 173.2 158.5 161.3
Coefficients are (row-wise by formant):
796.4 35 2.3 -64 -113 -57.3
1540 -116.3 -75.5 -99.7 -4.2 -215.1
2298 105.6 30.8 38.8 -188.2 -426.6
