common_voice_sw_38021900-04-010_0006 analysis information:
Number of steps:
20
Cutoff frequencies were: 
3000 3105 3211 3316 3421 3526 3632 3737 3842 3947 4053 4158 4263 4368 4474 4579 4684 4789 4895 5000
Number of coefficients for prediction: 
5
Number of formants: 
3
Winner is:
5000 5000 5000
Errors (total,f1,f2,f3): 
10030 10030.1 10115.8 10130.6 10078.6 10060.9 10081.9 10088.4 10082.7 10110.4 10135.6 10148.2 10134.8 10154.2 10454.1 10422.3 339.9 315.4 266.7 258.8
15 16.1 26.6 36.5 21.3 19.2 15.9 21 16.3 12.1 14.2 16.5 21.7 27.8 71.8 49.9 56.2 51.8 25.1 21.6
5.3 4.8 47.8 41.5 37.9 29 54.6 54.7 52 79.8 103.7 118.4 99.8 109.8 203.3 180.1 98.2 108 104.4 108.3
10009.7 10009.2 10041.4 10052.6 10019.4 10012.7 10011.4 10012.7 10014.4 10018.5 10017.7 10013.3 10013.3 10016.6 10179 10192.3 185.5 155.6 137.2 128.9
Coefficients are (row-wise by formant):
686.6 -32.3 -7.9 40.6 46 32
1433.2 -209.6 115.1 198.7 193 150.5
2478.1 -271.3 172.7 33.8 242.7 399.8
