common_voice_sw_38021900-04-008_0007 analysis information:
Number of steps:
20
Cutoff frequencies were: 
3000 3105 3211 3316 3421 3526 3632 3737 3842 3947 4053 4158 4263 4368 4474 4579 4684 4789 4895 5000
Number of coefficients for prediction: 
5
Number of formants: 
3
Winner is:
4579 4579 4579
Errors (total,f1,f2,f3): 
10158.8 10144 10137 10120.5 10109.6 10087.8 10087.2 10123 226 413.8 499.9 473.7 313.7 284.4 195.3 191.2 260.9 294.2 442.9 380.4
26.3 24.6 27.7 24.5 23.3 20.2 18.6 18.7 29 65.9 50.4 24.8 19.8 26 13.3 12.8 13.6 14.5 22 15
40.6 44.6 43.5 38.8 40.2 28.9 31.5 60.9 120.5 240.8 361.3 337.2 233 196.1 116.8 120.2 136.7 145.9 280.4 243.6
10091.9 10074.8 10065.8 10057.2 10046.1 10038.7 10037.1 10043.4 76.5 107.1 88.2 111.7 60.9 62.3 65.2 58.2 110.6 133.8 140.5 121.8
Coefficients are (row-wise by formant):
583.4 -48.7 -36.9 -21.1 -11.5 -12.6
1860.6 -164.9 -37.8 371.3 319 200.8
2452.5 236.6 126.3 104.8 115.9 54.9
