common_voice_sw_38021900-04-006_0011 analysis information:
Number of steps:
20
Cutoff frequencies were: 
3000 3105 3211 3316 3421 3526 3632 3737 3842 3947 4053 4158 4263 4368 4474 4579 4684 4789 4895 5000
Number of coefficients for prediction: 
5
Number of formants: 
3
Winner is:
3316 3316 3316
Errors (total,f1,f2,f3): 
10367.1 272.5 146.9 52 166.3 200.5 173.4 148.6 183.4 193 202.9 195.7 561.5 196.9 220.8 234 160.8 120.3 117.8 82.7
16.7 24.6 6.2 5.4 12.8 7.2 3.5 4.2 12.7 2.2 2 11.4 58.4 6.1 5.8 6 6.5 6.9 7.6 8.1
33.5 32.5 32.9 28.5 126.8 168.7 151.6 125.9 158.9 149.9 171.1 120.6 419.2 134.6 102.6 90.2 44.3 21.4 12.7 11.7
10316.9 215.4 107.8 18.1 26.7 24.6 18.3 18.5 11.8 40.9 29.8 63.7 83.9 56.2 112.4 137.8 110 92 97.5 62.9
Coefficients are (row-wise by formant):
391.7 -124 42.9 10.9 -3.8 15.9
2531.1 -103 -78.4 -12.4 -4.7 6.4
3072.7 -416.1 -121.6 -18.3 -45.7 28.7
