common_voice_sw_38021900-04-004_0006 analysis information:
Number of steps:
20
Cutoff frequencies were: 
3000 3105 3211 3316 3421 3526 3632 3737 3842 3947 4053 4158 4263 4368 4474 4579 4684 4789 4895 5000
Number of coefficients for prediction: 
5
Number of formants: 
3
Winner is:
4895 4895 4895
Errors (total,f1,f2,f3): 
10082 10130.9 10140.4 10126.6 138 244.2 326.5 434.4 300.3 296.9 288 286.1 280.6 301.8 314.3 198.2 249.6 77.6 65.6 78.9
11.2 30 20.4 26.2 21.3 36.8 58.8 53.6 18.2 39.2 14.8 23.4 15.2 4.7 11.3 2.8 22.9 1.2 1.7 2.1
30.6 44.3 50.7 44.9 65 165.6 212.9 304.3 219.7 201.9 217.5 216.9 221.1 224.4 238.4 150 180.2 43 37.8 37.9
10040.2 10056.6 10069.3 10055.5 51.7 41.8 54.8 76.5 62.4 55.8 55.7 45.8 44.3 72.7 64.6 45.4 46.5 33.4 26.1 38.9
Coefficients are (row-wise by formant):
522.7 -118.3 -72 -15.8 1.7 6.5
2034.9 -96.5 -270.8 -115.1 -146.9 -44.1
2420 -87.4 -194.4 24.4 -18 31.9
