common_voice_sw_38021900-04-010_0013 analysis information:
Number of steps:
20
Cutoff frequencies were: 
3000 3105 3211 3316 3421 3526 3632 3737 3842 3947 4053 4158 4263 4368 4474 4579 4684 4789 4895 5000
Number of coefficients for prediction: 
5
Number of formants: 
3
Winner is:
4895 4895 4895
Errors (total,f1,f2,f3): 
10151.4 10114.6 10126.6 10130.2 10196.6 10279.2 10324 10336.7 10393.8 10301 10324.3 10433.8 431.1 261.3 161.5 77 66.1 169.3 53.3 202.1
72.3 61.7 68.2 62.5 65.2 75.8 90 100.2 109.4 103.7 61.1 59.6 93.5 38.7 25.9 6.6 6.2 26.7 7.6 30.5
21.6 22.9 22.9 57.4 81.6 116.5 126.3 106.8 102.3 97.1 95.1 120.6 105.8 46.3 24.3 9.5 9.8 20.8 9.1 29.4
10057.5 10030 10035.5 10010.3 10049.8 10086.9 10107.7 10129.7 10182.1 10100.2 10168.1 10253.6 231.8 176.3 111.3 60.9 50.1 121.8 36.6 142.2
Coefficients are (row-wise by formant):
822.6 -107.6 -8.9 -34.6 -26.9 4.5
1569.9 -172.8 -74.1 -40.6 -9 -5.7
2947.2 45.8 104.4 -118.8 55.8 45.8
