common_voice_sw_38021900-04-006_0002 analysis information:
Number of steps:
20
Cutoff frequencies were: 
3000 3105 3211 3316 3421 3526 3632 3737 3842 3947 4053 4158 4263 4368 4474 4579 4684 4789 4895 5000
Number of coefficients for prediction: 
5
Number of formants: 
3
Winner is:
3737 3737 3737
Errors (total,f1,f2,f3): 
10047.9 10090.5 10144.1 10135.6 10364.2 10320.4 28.2 18.5 20 26.5 39.7 90.7 141.7 138 96.1 80.4 40.7 36.6 33.9 34
3.2 2.3 2.5 2.5 24 10.8 1.1 0.7 1 1.1 1.8 2.1 1.7 1.7 1.6 1.7 1.5 1 1.7 2.9
29.4 23.1 16.8 10.8 103.3 69.7 6.7 4.8 6.4 12.5 16.2 21.5 26.2 26.3 24 17.2 17.1 13.7 10.4 11.3
10015.3 10065.1 10124.8 10122.3 10236.9 10239.9 20.4 13 12.6 12.9 21.7 67.1 113.8 110 70.5 61.5 22.1 21.9 21.8 19.8
Coefficients are (row-wise by formant):
423.1 14.5 9.1 21.8 10.4 5.1
949.8 -187.1 99.9 -17.9 -25.8 16.5
2037.4 -146.9 -52.2 -36 7.7 -13.6
