common_voice_sw_38021900-04-012_0016 analysis information:
Number of steps:
20
Cutoff frequencies were: 
3000 3105 3211 3316 3421 3526 3632 3737 3842 3947 4053 4158 4263 4368 4474 4579 4684 4789 4895 5000
Number of coefficients for prediction: 
5
Number of formants: 
3
Winner is:
3737 3737 3737
Errors (total,f1,f2,f3): 
10067.8 10073.6 10073.4 10062.7 10056.5 10047.7 10048.2 57.2 91.4 571.5 276.9 329.2 412 382.3 427.8 455.2 197.6 143.8 119.6 89.2
9.7 7.1 3.8 3 3 4.2 6.4 8.4 20.1 45.4 30 36.9 54.7 51.1 21.2 32.1 2.9 4.1 5.4 7.1
6.8 7.4 6.7 6.6 7 8.5 12.7 19.9 26.9 413.9 185.9 220.7 268.9 233.6 265 261.3 65.3 62.3 47.6 34.7
10051.3 10059.1 10062.9 10053.1 10046.5 10035 10029.1 28.9 44.4 112.2 61 71.6 88.4 97.6 141.6 161.8 129.4 77.4 66.6 47.4
Coefficients are (row-wise by formant):
449.4 27.1 -82.6 -6.5 -9.4 -12.1
2391.9 143.4 -111 68.1 64.6 20.2
2958.5 21.5 -28.3 22.4 25.1 -15.9
