common_voice_sw_38021900-04-014_0001 analysis information:
Number of steps:
20
Cutoff frequencies were: 
3000 3105 3211 3316 3421 3526 3632 3737 3842 3947 4053 4158 4263 4368 4474 4579 4684 4789 4895 5000
Number of coefficients for prediction: 
5
Number of formants: 
3
Winner is:
4158 4158 4158
Errors (total,f1,f2,f3): 
10038.4 10063.2 10059.2 10076.5 10071.2 10051.4 10072 10069.6 10092.1 136.3 194.5 62.4 10173 218.8 206.5 185 262.8 345.4 221 286.2
11.1 11.1 9.4 6.2 4.7 7.2 5.3 2.8 13.3 2.5 3.2 3.9 4.6 3.9 3.3 3.6 23.9 4.2 5 8.2
5 11 22.9 42.6 35.3 25.7 50.4 50.1 56.8 57.2 150.2 27.6 111.6 151.3 127.6 86.3 132.1 126.6 65.1 82.8
10022.3 10041.1 10026.9 10027.7 10031.2 10018.5 10016.3 10016.7 10022 76.6 41.1 30.9 10056.8 63.6 75.6 95.1 106.8 214.6 150.9 195.2
Coefficients are (row-wise by formant):
567 70.6 -14.4 -2.2 -4.4 6.7
1460.8 -247.6 -354.6 91.1 134.7 4.9
2008 -501.4 -14.1 40.4 -78.4 -27.5
