common_voice_sw_38021900-04-008_0001 analysis information:
Number of steps:
20
Cutoff frequencies were: 
3000 3105 3211 3316 3421 3526 3632 3737 3842 3947 4053 4158 4263 4368 4474 4579 4684 4789 4895 5000
Number of coefficients for prediction: 
5
Number of formants: 
3
Winner is:
3000 3000 3000
Errors (total,f1,f2,f3): 
10003.7 10009.9 10009.4 10011.5 10007.7 10012.6 10012.3 10159 10053.9 10046.6 10016 10015.1 10012.3 10013.1 10012.7 10015 10027 10012.9 10018.9 10245.4
1.1 1.4 2.1 4 1.8 2.6 3.4 17.4 2.6 2.8 2.8 3 2.7 2.7 2.5 2.4 2.4 2.6 6.5 46.8
1.1 1.5 4 4 0.9 1.6 4.5 37.2 28.8 36.4 4.5 5.9 5.7 6.7 6 7 15.5 7 7.8 48.9
10001.5 10007 10003.3 10003.5 10005 10008.4 10004.4 10104.4 10022.5 10007.4 10008.7 10006.2 10003.9 10003.7 10004.2 10005.6 10009.1 10003.3 10004.6 10149.7
Coefficients are (row-wise by formant):
530.4 17 -4.3 -4.6 -6.2 0.3
854.1 -4.3 -19.5 -10.7 -8.1 -3.2
1253.4 -81 11.8 8.2 -0.1 -2.8
