common_voice_sw_38021900-04-010_0007 analysis information:
Number of steps:
20
Cutoff frequencies were: 
3000 3105 3211 3316 3421 3526 3632 3737 3842 3947 4053 4158 4263 4368 4474 4579 4684 4789 4895 5000
Number of coefficients for prediction: 
5
Number of formants: 
3
Winner is:
4684 4684 4684
Errors (total,f1,f2,f3): 
10056.3 10058.2 10059.3 10057.7 10055.9 10057.5 10229.2 10285.7 10302.5 183 182.8 185.7 234.9 138.5 213.5 326.7 61.4 62.4 65.3 73.6
13.5 12.8 12.4 13.6 14.1 19.3 40 30.7 36 3.9 4.1 4.8 19.9 3.6 3.4 3.7 4.2 4.9 5.4 5.5
16.2 24.1 24.5 21.1 20 18.9 138.6 186.6 201 139.1 131.4 129.2 155.7 85.3 144.2 191.4 28.5 23.3 21.6 17.8
10026.6 10021.3 10022.4 10023 10021.8 10019.3 10050.6 10068.4 10065.5 40 47.3 51.7 59.3 49.6 65.9 131.6 28.7 34.2 38.3 50.3
Coefficients are (row-wise by formant):
541.5 -3.5 -33.3 8.8 -2.7 14.5
1874.6 -148.3 -24.1 -11.1 21.2 10.2
2441.8 40.1 22.3 -18.7 -23.2 -18
