common_voice_sw_38021900-04-006_0013 analysis information:
Number of steps:
20
Cutoff frequencies were: 
3000 3105 3211 3316 3421 3526 3632 3737 3842 3947 4053 4158 4263 4368 4474 4579 4684 4789 4895 5000
Number of coefficients for prediction: 
5
Number of formants: 
3
Winner is:
4789 4789 4789
Errors (total,f1,f2,f3): 
10120.5 10081.6 10058.5 10081.4 73.2 46.2 10077.2 10100.4 10066.8 10080.4 10286.9 218.2 163.1 54.9 45.4 45.2 43 42 47.2 93.3
36.3 12.5 8.7 25.8 8.1 5.4 8 28.2 25.9 35.6 22.3 24.6 5.5 6.9 7.4 8.4 8.6 8.9 8.5 9.4
33.2 25.2 19.8 36.4 45.9 20.8 31.8 55.3 27.6 31.7 100.1 72.7 60.5 7.2 6.8 7.1 6.5 6.2 14.4 23.1
10051 10043.9 10030 10019.2 19.2 20 10037.4 10016.9 10013.3 10013.1 10164.5 120.9 97.1 40.8 31.2 29.7 27.9 26.9 24.3 60.8
Coefficients are (row-wise by formant):
632.5 177.2 -15.4 -30.2 -3.2 7.4
1270.3 -78.8 -5.7 38.3 -39.6 14.1
2247.2 -244.3 -29 54.3 19.8 -24.9
