common_voice_sw_38021900-04-010_0011 analysis information:
Number of steps:
20
Cutoff frequencies were: 
3000 3105 3211 3316 3421 3526 3632 3737 3842 3947 4053 4158 4263 4368 4474 4579 4684 4789 4895 5000
Number of coefficients for prediction: 
5
Number of formants: 
3
Winner is:
3842 3842 3842
Errors (total,f1,f2,f3): 
10013.7 10025.9 10027.8 10024.3 10077.2 10358.9 10168.8 101.5 90 100.1 10163.5 10167.6 10135.8 10259.9 10168.8 504.3 471.9 401.8 229.2 485.2
4 5.6 5.8 5.3 17.8 103.2 37.5 5.5 6.1 6.7 10 7.3 5.9 7.6 11.8 21.4 6.8 6.9 7.5 13.3
6.1 11.1 11.8 7 32 129.4 77.7 48.6 50.2 56.1 84.9 78.8 62.8 63.7 41.7 113.6 114.7 77.2 11.1 79.3
10003.6 10009.2 10010.2 10012 10027.4 10126.3 10053.6 47.4 33.7 37.3 10068.6 10081.5 10067.1 10188.6 10115.3 369.3 350.4 317.7 210.6 392.6
Coefficients are (row-wise by formant):
611.1 133.7 -26.4 0.4 9 -1.4
1100.9 187.6 21.1 -58.3 54.9 38.3
1575 171.3 37.3 -124.7 -49 56.2
