common_voice_sw_38021900-04-014_0002 analysis information:
Number of steps:
20
Cutoff frequencies were: 
3000 3105 3211 3316 3421 3526 3632 3737 3842 3947 4053 4158 4263 4368 4474 4579 4684 4789 4895 5000
Number of coefficients for prediction: 
5
Number of formants: 
3
Winner is:
4895 4895 4895
Errors (total,f1,f2,f3): 
10241.8 10247.7 10270.6 10233.1 10228.5 218.4 367 402.1 334.8 301.2 276.6 326.4 316 434.4 688.5 572 404.2 228.8 217.3 255.5
25.8 30 26.9 19.5 24.4 36 29.5 40.9 18.6 20.3 15.1 14.9 9.5 19 19.1 19.2 13.6 12.1 11.8 11.8
46.2 67.5 81.2 77.4 76.9 96.3 249.1 269.5 249.3 225.2 220.3 268.5 265 366.7 552.9 462.2 315.3 122.2 130.5 160.4
10169.8 10150.2 10162.5 10136.2 10127.2 86.1 88.4 91.7 66.9 55.7 41.2 43 41.5 48.7 116.5 90.6 75.3 94.5 75 83.3
Coefficients are (row-wise by formant):
495 -10.2 -0.3 -6.3 -4.1 5.3
2230.2 -69.9 -293 -183.8 -124.9 -136.5
2588.2 -63.2 -32.9 -87.3 47.9 -31.9
