common_voice_sw_38021900-04-010_0003 analysis information:
Number of steps:
20
Cutoff frequencies were: 
3000 3105 3211 3316 3421 3526 3632 3737 3842 3947 4053 4158 4263 4368 4474 4579 4684 4789 4895 5000
Number of coefficients for prediction: 
5
Number of formants: 
3
Winner is:
4895 4895 4895
Errors (total,f1,f2,f3): 
10062.6 10091.6 10089.1 10160.4 10138.8 10162 320.5 239.7 174.9 184.4 259.6 347.3 369 405.7 447.8 620.5 365.6 310.9 129.3 129.5
20.6 29.8 30.4 13.9 17.8 39.9 50.9 35.1 22.9 24.4 22.4 25 26.2 40.4 52.4 68.3 14.8 15.9 15.2 16.1
3.4 20.4 17.8 79.6 70.8 85.3 199.7 142.3 105.4 117.2 187.4 268.8 271.3 277.3 328.1 458.8 293.1 242.9 66.8 65.7
10038.6 10041.4 10040.9 10066.9 10050.2 10036.8 69.9 62.3 46.6 42.8 49.8 53.5 71.5 88 67.3 93.4 57.7 52.1 47.3 47.7
Coefficients are (row-wise by formant):
553.4 -32.8 -80 -13.7 -40.2 -23.7
2117.1 16 -77.4 -100.8 -93.5 -108.6
2450.2 -11.2 -13.6 66.3 30 3.1
