common_voice_sw_38021900-04-012_0015 analysis information:
Number of steps:
20
Cutoff frequencies were: 
3000 3105 3211 3316 3421 3526 3632 3737 3842 3947 4053 4158 4263 4368 4474 4579 4684 4789 4895 5000
Number of coefficients for prediction: 
5
Number of formants: 
3
Winner is:
4895 4895 4895
Errors (total,f1,f2,f3): 
10064.1 10075 10189.4 10239.2 10217 10220.5 10177.2 10356.3 10237.5 235 152 213.4 162.7 105.6 71.3 131.1 76 55.1 46.2 77.3
8.3 16.2 11.4 12.6 18.9 9.8 29.5 33.9 20 27.1 9.2 9.2 8.5 7.9 6.7 5.5 5 5.4 5.1 4.6
44.2 45.3 25.4 72 73.8 50.9 43.2 97.6 62.7 62.7 22.9 22.6 19.6 17.4 15.3 13 10.6 9.2 8.1 7.6
10011.6 10013.5 10152.6 10154.6 10124.3 10159.8 10104.5 10224.8 10154.8 145.2 119.9 181.6 134.6 80.3 49.3 112.6 60.4 40.5 33 65.1
Coefficients are (row-wise by formant):
412.9 -43.5 -36.7 -26.4 -22.4 -12.2
866.7 -157.4 18.2 -19 28.7 12.2
2444.8 -170.4 -53.4 -92.4 -19.6 -4.2
