common_voice_sw_38021900-04-002_0006 analysis information:
Number of steps:
20
Cutoff frequencies were: 
3000 3105 3211 3316 3421 3526 3632 3737 3842 3947 4053 4158 4263 4368 4474 4579 4684 4789 4895 5000
Number of coefficients for prediction: 
5
Number of formants: 
3
Winner is:
3421 3421 3421
Errors (total,f1,f2,f3): 
10046.1 10047 10053.9 10083.4 71.1 76.9 80.1 92.4 298.3 294.5 251.2 261.5 215.9 82.7 83.9 82.9 93.1 121.1 143.4 86.2
13.1 17.9 16.4 16.8 7.7 7 9.2 20.9 52.3 11.5 6.4 5.4 4.6 4.1 4.1 4 3.7 4 4.6 4.3
9.1 9.7 19.7 23.3 40.1 44.3 48.1 52.8 215.5 245 192.4 167.2 140.6 40.6 34.7 28.7 29.5 45 52.9 63.9
10023.9 10019.4 10017.8 10043.3 23.3 25.6 22.8 18.7 30.5 38 52.4 88.9 70.7 38 45.1 50.2 59.9 72.1 85.9 18
Coefficients are (row-wise by formant):
512.5 -82.2 2.3 21.9 -11.1 -13.3
882.4 376.3 276.7 13.6 -17 -74.7
2068.4 291.4 -18.7 80 -18.9 -19
