common_voice_sw_38021900-04-014_0005 analysis information:
Number of steps:
20
Cutoff frequencies were: 
3000 3105 3211 3316 3421 3526 3632 3737 3842 3947 4053 4158 4263 4368 4474 4579 4684 4789 4895 5000
Number of coefficients for prediction: 
5
Number of formants: 
3
Winner is:
3947 3947 3947
Errors (total,f1,f2,f3): 
10342.5 10297.5 10295.8 10285.6 10308.2 330 392.6 301.8 244.9 194.6 211.1 360.4 564.5 495.4 271.6 242.3 222.7 219.2 270.2 292.4
3.1 2.1 2.3 2.5 3.4 3.4 10.9 13.2 15.7 16.3 15.9 20.4 16.7 21.3 4.1 4.2 4.1 3.8 4 4.8
91.4 91 111.1 104 97.4 105 135.7 132.6 91.4 69.6 100.2 232.2 412.8 317.1 186.8 175.5 176.5 168.2 174.1 195
10248 10204.4 10182.4 10179.1 10207.4 221.6 246 156 137.8 108.7 95 107.8 135 157 80.7 62.6 42.1 47.2 92.1 92.6
Coefficients are (row-wise by formant):
263.9 -10.5 -69.9 33.6 17.8 -19.7
2007.3 -19.1 -663.2 -186.5 18.8 39.9
2719.5 -32 -132.3 -26.4 63.6 41.7
