common_voice_sw_38021900-04-010_0001 analysis information:
Number of steps:
20
Cutoff frequencies were: 
3000 3105 3211 3316 3421 3526 3632 3737 3842 3947 4053 4158 4263 4368 4474 4579 4684 4789 4895 5000
Number of coefficients for prediction: 
5
Number of formants: 
3
Winner is:
5000 5000 5000
Errors (total,f1,f2,f3): 
10035.4 10042 10044.7 10170.8 10117.7 10132.8 10139.5 10106.2 10109.4 10142.4 10131 10092.7 10086.8 10290.6 10259.2 10336.1 336.2 96.5 89.9 88.8
14 16 20.1 38.2 17.5 11.8 9.5 7 6.3 5.9 21 17.1 12.1 14.3 32.2 12.4 8.7 11.2 10.1 10
1.6 5.6 5.2 104.6 79 43.1 43.4 24.7 25.2 62.9 21.3 16.3 18.9 71.8 70.7 64.9 43.7 30 26.3 24.3
10019.8 10020.4 10019.4 10028 10021.2 10077.9 10086.6 10074.5 10077.9 10073.6 10088.7 10059.3 10055.8 10204.5 10156.3 10258.8 283.8 55.3 53.5 54.5
Coefficients are (row-wise by formant):
456.6 -114 7.2 45.3 19.1 7.8
903.6 -349.2 109 -35.5 -30.7 -10.9
2250.8 -540 100.8 -115.1 152 55
