common_voice_sw_38021900-04-002_0011 analysis information:
Number of steps:
20
Cutoff frequencies were: 
3000 3105 3211 3316 3421 3526 3632 3737 3842 3947 4053 4158 4263 4368 4474 4579 4684 4789 4895 5000
Number of coefficients for prediction: 
5
Number of formants: 
3
Winner is:
4368 4368 4368
Errors (total,f1,f2,f3): 
10044.8 10051.7 10048.5 10026.2 10027.2 10030.7 10032 10037.1 10066.9 10477.2 249.9 201.6 171.6 155.8 173.9 218.6 297 364 387.4 411.6
12.7 14.2 7.9 4.6 4.4 4.1 4.5 7.1 18.4 73.7 41.3 32.3 33.5 28.1 29.4 34.1 38.5 30.2 44.9 54.1
13.9 17.2 23.8 8.5 9.1 9.8 11.6 15.1 31.1 194.7 60.9 53.8 56.7 47.3 51.7 69.4 120.2 140.4 133.9 139.3
10018.2 10020.3 10016.8 10013.1 10013.7 10016.8 10015.9 10014.9 10017.4 10208.8 147.7 115.5 81.4 80.4 92.8 115.1 138.3 193.4 208.6 218.2
Coefficients are (row-wise by formant):
452.2 59.3 -180.9 8.5 -31.5 -34.2
1087.3 288.7 -192.4 15.3 34.2 -31.1
1823.1 111.4 -555.7 174.6 188.9 -40.9
