common_voice_sw_38021900-04-002_0007 analysis information:
Number of steps:
20
Cutoff frequencies were: 
3000 3105 3211 3316 3421 3526 3632 3737 3842 3947 4053 4158 4263 4368 4474 4579 4684 4789 4895 5000
Number of coefficients for prediction: 
5
Number of formants: 
3
Winner is:
4895 4895 4895
Errors (total,f1,f2,f3): 
10054 10047.1 10043.2 10070.8 10273.5 10310.4 10219 10156.5 10187.4 10219.8 10242.2 286.6 179.2 426.9 289.3 226.9 190.9 110.5 68.8 223.8
21.9 20.2 13.3 24.4 61.9 55.6 40.3 23.8 23.2 29.2 32.6 41.8 28.9 47.4 2.6 3.4 4.3 3.3 2.9 4.5
1.4 2.4 2.9 35.2 58.3 74.2 56.2 53.7 55.2 50 45.8 73.4 46.6 66.1 10.4 12.2 12.4 10.3 9.3 11.7
10030.7 10024.5 10027 10011.2 10153.3 10180.6 10122.5 10079 10109 10140.6 10163.8 171.4 103.7 313.4 276.3 211.3 174.2 96.9 56.6 207.6
Coefficients are (row-wise by formant):
484.8 -48.4 -6.7 3.2 -1.1 -4.5
853.8 -217.4 46.2 11.6 -32.1 -4
2330.5 -147.8 142.6 -110.5 134.4 -33.6
