common_voice_sw_38021900-04-006_0001 analysis information:
Number of steps:
20
Cutoff frequencies were: 
3000 3105 3211 3316 3421 3526 3632 3737 3842 3947 4053 4158 4263 4368 4474 4579 4684 4789 4895 5000
Number of coefficients for prediction: 
5
Number of formants: 
3
Winner is:
4263 4263 4263
Errors (total,f1,f2,f3): 
10013.7 10016.3 10018 10024.7 10235.7 10205.1 10201 10237.9 10296.8 132.5 67.9 54 38.9 43.8 50.5 70.5 267.2 240 264.3 43
7 6.9 7.5 13.5 60.1 46.1 38.2 45.4 56.9 9 4.6 5.2 6.7 11.3 16.8 20.9 26.1 23.5 12 12.4
3 2.6 3.1 5 94.3 82.6 73.6 83.3 93.3 57.7 7.2 6.7 8 9.6 19.2 19.7 30.8 17.9 76.1 8.4
10003.7 10006.8 10007.4 10006.2 10081.3 10076.4 10089.2 10109.2 10146.6 65.8 56.1 42.1 24.2 22.9 14.5 29.9 210.3 198.6 176.2 22.2
Coefficients are (row-wise by formant):
671.3 -140.3 -65.2 -18 -29.4 -4.4
1293.5 197.7 -148 27.2 -32 37
2315.3 34.9 -76.1 -32.1 -22.3 30.8
