common_voice_sw_38021900-04-004_0001 analysis information:
Number of steps:
20
Cutoff frequencies were: 
3000 3105 3211 3316 3421 3526 3632 3737 3842 3947 4053 4158 4263 4368 4474 4579 4684 4789 4895 5000
Number of coefficients for prediction: 
5
Number of formants: 
3
Winner is:
3947 3947 3947
Errors (total,f1,f2,f3): 
10073.7 10090.5 10218.5 10226.6 10198.3 10321.5 241.5 242.2 258.7 84.8 228.1 190.2 140.5 118.1 185.8 148.2 156.2 341.6 203.9 156.5
32.5 18.8 69.7 61.3 45.2 94.5 42.2 13.4 40.6 12.6 38.9 20.9 21.7 20.9 16.3 12.8 18.4 18.8 12.7 5.4
32.6 49.3 107.2 107.4 100.8 144.4 54 62.8 97 22.6 60 53 35.8 31.7 38.2 84.3 78.9 79.1 31.4 18
10008.6 10022.4 10041.6 10057.9 10052.3 10082.6 145.3 166 121.1 49.6 129.2 116.3 83 65.5 131.3 51.1 58.9 243.7 159.8 133.1
Coefficients are (row-wise by formant):
722.7 -15.8 -25 -1.7 -15.2 -4.2
1197.9 -333.9 -56.8 -111 -1.4 34.3
1743.8 -422.5 -259.1 120.9 46.3 24.3
