common_voice_sw_38021900-04-004_0004 analysis information:
Number of steps:
20
Cutoff frequencies were: 
3000 3105 3211 3316 3421 3526 3632 3737 3842 3947 4053 4158 4263 4368 4474 4579 4684 4789 4895 5000
Number of coefficients for prediction: 
5
Number of formants: 
3
Winner is:
4895 4895 4895
Errors (total,f1,f2,f3): 
10046.1 10049.7 10076.3 10073.6 10072.5 10073.7 10049.1 10064.5 10115.7 10207.4 10456.6 10442.2 10420.3 457.4 516.5 303.9 145 149.3 131.2 135.1
7.8 11.8 26.4 30.5 25.9 28.1 21.7 19.8 30.1 27.6 32.5 28 22.6 25.6 29.2 27.8 8.6 7.9 5.8 7.6
16.3 21.1 25.2 29.3 29 29.2 13.4 19.8 35.5 69.2 89.4 61.7 56 70.2 76.7 39.9 33.1 33.2 31.3 30.2
10022 10016.8 10024.7 10013.8 10017.6 10016.4 10014 10024.9 10050.1 10110.6 10334.7 10352.5 10341.7 361.6 410.6 236.2 103.3 108.2 94.1 97.3
Coefficients are (row-wise by formant):
466.8 -58 -72.3 9.8 -4 22
959 107.3 54.2 21.5 75.9 39.2
3013.4 -28.4 -509.3 118.4 -180.3 69.7
