common_voice_sw_38021900-04-012_0012 analysis information:
Number of steps:
20
Cutoff frequencies were: 
3000 3105 3211 3316 3421 3526 3632 3737 3842 3947 4053 4158 4263 4368 4474 4579 4684 4789 4895 5000
Number of coefficients for prediction: 
5
Number of formants: 
3
Winner is:
5000 5000 5000
Errors (total,f1,f2,f3): 
10058.8 10093.6 10121.3 10016.6 10018.3 10016.5 10014.5 10012.7 10010 10022.1 10013.5 10180.5 10194 10225.9 407.9 302 24.3 17.6 18.1 16.6
4.3 5.2 5 2.8 6.2 5.7 4.9 3.9 2.5 7.3 3 17.6 9 39.6 47.3 40.8 4.8 5.8 6 5.3
18.7 7.3 11.8 8.7 7 6.5 5.5 4.6 3.7 10.6 7 98.4 99.7 99 153.5 89.7 5.5 5.9 5.7 6
10035.8 10081.1 10104.5 10005.1 10005.1 10004.3 10004.1 10004.2 10003.8 10004.2 10003.5 10064.5 10085.3 10087.3 207.1 171.5 14 5.9 6.4 5.3
Coefficients are (row-wise by formant):
691.1 -135.8 -62.8 2.3 -17.2 -1.3
1655.9 68.3 -25.1 14.8 -7 15.6
3025.2 -56.5 -38.2 -14.8 2.5 -17.8
