common_voice_sw_38021900-04-006_0003 analysis information:
Number of steps:
20
Cutoff frequencies were: 
3000 3105 3211 3316 3421 3526 3632 3737 3842 3947 4053 4158 4263 4368 4474 4579 4684 4789 4895 5000
Number of coefficients for prediction: 
5
Number of formants: 
3
Winner is:
4789 4789 4789
Errors (total,f1,f2,f3): 
10317.4 369.9 298.6 275.9 207.6 202.6 213.5 206.3 202.8 227.6 185.9 236.6 222.2 217.7 239.9 227.8 305.8 119.9 129.9 339.3
15.3 32.3 21.3 22.2 13.1 15.3 21.1 25.4 16 10.1 25.3 45 14 11.2 22.9 8.2 24.6 11 26.3 161.2
116.8 145 162.2 173.9 146.7 151.1 160.9 139.4 131.7 151.8 146.3 170.8 155.3 149.3 149.1 151.4 205.1 32.7 36.3 60.5
10185.3 192.6 115.1 79.8 47.8 36.2 31.5 41.5 55.1 65.7 14.3 20.8 52.9 57.2 67.9 68.2 76.1 76.2 67.3 117.6
Coefficients are (row-wise by formant):
446.5 -73.1 24.4 48.1 17.1 -18.1
2328 -115.9 -65.8 62.3 31.9 -27.7
2758 -17.5 -220.9 169 -53.7 -131.3
