common_voice_sw_38021900-04-002_0001 analysis information:
Number of steps:
20
Cutoff frequencies were: 
3000 3105 3211 3316 3421 3526 3632 3737 3842 3947 4053 4158 4263 4368 4474 4579 4684 4789 4895 5000
Number of coefficients for prediction: 
5
Number of formants: 
3
Winner is:
3316 3316 3316
Errors (total,f1,f2,f3): 
134.6 152.3 78.9 51.5 10045.6 10041.3 10036.1 10035.5 10038 10042.5 10052.1 10061.4 10080.9 10417.3 386.7 296.6 202 226 249.1 282.3
27.1 29.1 25.7 25.3 25.2 21.4 16.6 14.1 13.3 13.4 16.9 26.6 46.8 76.6 39 16.2 33.2 21.5 25.3 27.6
25.1 34.3 22.5 20.5 15.8 16.2 16.3 18.7 21.6 25.3 32 31.3 30.7 174.3 107.5 77.4 46.9 48.3 43.1 47.1
82.4 88.9 30.7 5.7 10004.6 10003.7 10003.2 10002.7 10003.1 10003.8 10003.2 10003.5 10003.4 10166.4 240.2 203 121.9 156.2 180.7 207.6
Coefficients are (row-wise by formant):
556.5 -15.4 -165.2 -52.8 52.7 16.7
927.2 -191.9 -84.5 -13.8 6.6 -10
1571.4 110 48.9 31.5 22.9 -1.9
