common_voice_sw_38021900-04-006_0012 analysis information:
Number of steps:
20
Cutoff frequencies were: 
3000 3105 3211 3316 3421 3526 3632 3737 3842 3947 4053 4158 4263 4368 4474 4579 4684 4789 4895 5000
Number of coefficients for prediction: 
5
Number of formants: 
3
Winner is:
3947 3947 3947
Errors (total,f1,f2,f3): 
10053.6 10062.5 10054.9 10039.1 10049.2 10173.1 10130.7 10087.2 10074.7 112.8 174.4 175.2 326 439.9 442.3 259.6 187.8 181.9 329.5 406.2
4.6 8.3 6.5 6.5 9.6 31.1 22.7 12.8 11.2 16.1 30.6 47 40.3 67.6 62.3 5.1 10.9 12.6 5.9 33.1
12.8 15.3 11.7 10.7 13 102.2 76.3 44.8 45.5 68.2 53.4 52.2 169.9 218.5 253.4 177.7 150.2 135.1 225.9 244.2
10036.2 10038.9 10036.7 10021.9 10026.6 10039.8 10031.7 10029.6 10018 28.5 90.4 76 115.8 153.8 126.6 76.8 26.7 34.2 97.7 128.9
Coefficients are (row-wise by formant):
582.2 -105.7 41.4 0.4 -11.3 10
845.3 -274.6 158 -164.4 22.3 -8
2019.5 308.8 96.4 -132.2 72.7 -117.5
