common_voice_sw_38021900-04-004_0010 analysis information:
Number of steps:
20
Cutoff frequencies were: 
3000 3105 3211 3316 3421 3526 3632 3737 3842 3947 4053 4158 4263 4368 4474 4579 4684 4789 4895 5000
Number of coefficients for prediction: 
5
Number of formants: 
3
Winner is:
3105 3105 3105
Errors (total,f1,f2,f3): 
10058.4 10052.2 10080.7 10066.4 10063.8 10074.1 10143.5 10186.1 10071.5 10070.9 10081.6 10076.7 10153 10117.4 10069 10059.1 10054.4 10055.6 10060.1 10066.2
3.6 5.6 14.1 10.9 10.3 5.3 9.1 5.7 5.3 4.3 4 4.3 26.2 10.7 5.2 4 2.7 1.9 0.9 1.9
13.3 12 19 20.7 24.8 25.6 54.6 94.8 42.4 41.3 41.9 32.6 76 66.2 31.6 23.9 18.8 19 26.2 28.4
10041.5 10034.6 10047.6 10034.8 10028.7 10043.2 10079.8 10085.6 10023.8 10025.3 10035.7 10039.8 10050.8 10040.5 10032.2 10031.2 10032.9 10034.7 10033 10035.9
Coefficients are (row-wise by formant):
334.5 -48.8 3.2 -13.2 -6.5 -14.1
655.3 72.4 27.7 19 -14.5 -18.2
1031.6 -100.6 145.9 49.7 74.8 25.5
