common_voice_sw_38021900-04-012_0003 analysis information:
Number of steps:
20
Cutoff frequencies were: 
3000 3105 3211 3316 3421 3526 3632 3737 3842 3947 4053 4158 4263 4368 4474 4579 4684 4789 4895 5000
Number of coefficients for prediction: 
5
Number of formants: 
3
Winner is:
4895 4895 4895
Errors (total,f1,f2,f3): 
10005.2 10111 10110.3 10112.2 10059.8 10037.8 10068.1 10036.1 10030.1 10028.3 10026.1 10030.1 10029 10033.2 10027.4 10027.5 10088.7 376.3 238.7 429.7
3.2 43.7 35.4 25.3 16.2 5.8 14.8 5.4 4.5 3.9 4.8 6.4 6.3 14.2 5.4 6 54.5 45.2 12.2 39.3
1 24.5 23.2 17.4 13.7 15.8 17.8 21.4 16.1 12.8 9.6 11.2 10.2 6.5 11.3 11.8 22.6 98.4 58.5 134.2
10001 10042.8 10051.7 10069.5 10029.9 10016.2 10035.5 10009.3 10009.5 10011.6 10011.7 10012.5 10012.5 10012.5 10010.7 10009.7 10011.6 232.7 168 256.2
Coefficients are (row-wise by formant):
914.7 22.2 -39.2 19.6 -15.4 10.3
1241 300.7 -162 -207.7 -43.1 77.9
2351.5 9.4 -347.5 -557.9 -80.5 166.2
