common_voice_sw_38021900-04-008_0008 analysis information:
Number of steps:
20
Cutoff frequencies were: 
3000 3105 3211 3316 3421 3526 3632 3737 3842 3947 4053 4158 4263 4368 4474 4579 4684 4789 4895 5000
Number of coefficients for prediction: 
5
Number of formants: 
3
Winner is:
3632 3632 3632
Errors (total,f1,f2,f3): 
73.3 62.4 63.3 31.1 29.4 27.1 25.1 26.3 28.1 204.4 275.9 325.7 374.8 290.6 221.8 300.4 386.7 169 173.5 196.6
7.2 7.7 9.4 11.9 11.8 10.3 10.4 11.4 12.6 65.3 103.2 124.8 119.7 71.6 52.3 80.7 129.1 22.4 26 28.8
14.7 9.6 4.8 4.5 3.7 3.5 3.6 3.9 4.3 88.7 113.3 133 165.1 102.5 69.6 74.7 111.4 62.8 65.6 83.2
51.4 45.1 49.1 14.7 13.9 13.3 11.1 11 11.2 50.4 59.4 67.9 90 116.5 99.9 145 146.2 83.8 81.9 84.6
Coefficients are (row-wise by formant):
406.2 -19.1 37.8 -17.2 18 -10.1
1055.2 -57.6 14.8 -27.9 -2 -10.2
1878.6 110.1 5 -56.8 -18.5 21.4
