common_voice_sw_38021900-04-006_0007 analysis information:
Number of steps:
20
Cutoff frequencies were: 
3000 3105 3211 3316 3421 3526 3632 3737 3842 3947 4053 4158 4263 4368 4474 4579 4684 4789 4895 5000
Number of coefficients for prediction: 
5
Number of formants: 
3
Winner is:
3526 3526 3526
Errors (total,f1,f2,f3): 
10064.9 10268.5 548.6 291.2 163.6 10.4 12.4 29.1 63.9 37.4 34.8 38.6 40.7 395.9 59.4 564 312.3 315.6 212.4 200.6
13 29.1 59.2 20.2 16.5 1 0.9 1.1 1.5 5.3 8.3 9.2 9.7 14.7 13.2 51.1 15.3 17.9 3.2 4.2
46.2 97.6 153.9 54.1 56.4 6.8 7.1 22.5 56.3 24.9 19.5 22.9 25 305.5 41.1 410.4 224.1 216.9 110.9 116.2
10005.7 10141.8 335.5 216.9 90.7 2.6 4.4 5.5 6.1 7.2 7 6.5 6 75.7 5.1 102.5 72.9 80.8 98.3 80.2
Coefficients are (row-wise by formant):
471.8 43.2 25.3 -11.6 -2.2 -15.2
2148.6 -574.1 -454.1 -84.8 130.6 198
2887.2 -71.2 -58.2 6.1 6.5 7.8
