common_voice_sw_38021900-04-014_0004 analysis information:
Number of steps:
20
Cutoff frequencies were: 
3000 3105 3211 3316 3421 3526 3632 3737 3842 3947 4053 4158 4263 4368 4474 4579 4684 4789 4895 5000
Number of coefficients for prediction: 
5
Number of formants: 
3
Winner is:
4579 4579 4579
Errors (total,f1,f2,f3): 
10131.7 10131.6 10223.5 10320.5 308.7 315.1 389.3 645.9 588.3 532.1 446.7 371.8 183.4 120.3 93.6 87.4 95.5 117.2 129.2 119.5
3.2 3.3 10.7 6.5 3.5 3.9 6.1 4.3 5.1 4.1 5.6 3.5 4 4.4 4.7 4.3 3.6 2.9 2.8 2.9
54.2 75 125.7 203.5 203.4 213.2 276 484.5 408.8 357 307.1 275.8 141 89.7 68.4 63.5 71.2 92.2 102.7 96.9
10074.3 10053.3 10087.1 10110.5 101.8 98 107.2 157.1 174.4 171 134 92.5 38.4 26.2 20.5 19.6 20.7 22.1 23.7 19.7
Coefficients are (row-wise by formant):
295.8 -12.4 -13.3 7.7 0.5 5.3
2181.4 -336.9 -147.3 -44.2 25.5 67.3
2754.3 -18.6 11.6 17.8 -16.7 -5.5
