common_voice_sw_38021900-04-008_0004 analysis information:
Number of steps:
20
Cutoff frequencies were: 
3000 3105 3211 3316 3421 3526 3632 3737 3842 3947 4053 4158 4263 4368 4474 4579 4684 4789 4895 5000
Number of coefficients for prediction: 
5
Number of formants: 
3
Winner is:
5000 5000 5000
Errors (total,f1,f2,f3): 
10087 10105.3 10098.6 10113 10116.3 10134.7 10131.5 10104.1 10114.7 10089.2 10103.8 10115.4 10198.3 10352.8 10352.5 10315.5 10324 10467.7 10520.4 491.5
6.6 17.9 28.8 29.4 27.7 28.6 26.8 22.3 24.2 14.5 26.1 14.9 30.7 33.4 38.3 49.9 30.1 34.7 38.8 37.5
31.6 23.8 19.4 15.8 18.4 29.4 33.2 23.4 30.1 26.6 26.8 47.4 74.1 95 63.7 112.8 75.1 105.9 99.2 67.1
10048.8 10063.6 10050.4 10067.8 10070.2 10076.7 10071.5 10058.4 10060.4 10048.1 10050.9 10053.1 10093.5 10224.4 10250.5 10152.8 10218.8 10327.1 10382.4 386.9
Coefficients are (row-wise by formant):
380.7 -121.9 64.6 -26 -35.3 46.7
880.9 -94.5 288.6 -131 52.9 55.6
1831.5 -435.4 140.5 -359.7 -50.6 75.8
