common_voice_sw_38021900-04-012_0001 analysis information:
Number of steps:
20
Cutoff frequencies were: 
3000 3105 3211 3316 3421 3526 3632 3737 3842 3947 4053 4158 4263 4368 4474 4579 4684 4789 4895 5000
Number of coefficients for prediction: 
5
Number of formants: 
3
Winner is:
3421 3421 3421
Errors (total,f1,f2,f3): 
10064 10052.7 10042.1 10034.4 23.5 27.3 312 409.2 270.5 254.4 292.9 331.2 79.1 90.4 83.5 94 104.3 126 117.3 78.3
1.2 1.3 1.3 1.3 1.3 2.3 27.7 32 29.8 11.6 11.6 13.1 2 1.9 2.3 2.4 2.4 2.8 2.9 2.6
8 9.2 9.7 10.8 12.3 13 240.3 334.3 212.3 204.6 227.4 232.9 24.6 24.8 28.9 28.2 22.7 15.9 14.6 9.1
10054.8 10042.2 10031.1 10022.3 9.9 12 44 42.9 28.4 38.2 53.9 85.2 52.5 63.7 52.3 63.4 79.2 107.3 99.8 66.6
Coefficients are (row-wise by formant):
445.9 -103.7 -16.3 7.3 3.7 5.1
2360.1 -113.2 -80.5 -10.8 -4.6 0.2
3073.7 -224.2 -180.1 -76.1 -88.1 -69.2
