common_voice_sw_38021900-04-012_0007 analysis information:
Number of steps:
20
Cutoff frequencies were: 
3000 3105 3211 3316 3421 3526 3632 3737 3842 3947 4053 4158 4263 4368 4474 4579 4684 4789 4895 5000
Number of coefficients for prediction: 
5
Number of formants: 
3
Winner is:
4789 4789 4789
Errors (total,f1,f2,f3): 
10097.3 10199.8 10045.7 10052.7 10036.6 10034.5 10038.5 10043.9 10201.2 10483.3 417.3 34.7 56.2 38.7 29.9 30.4 30 29.3 29.7 29.8
6.4 22.2 20.2 25.2 18.3 13.3 13.6 13.9 31.3 39.4 68.3 6.9 6.6 6.2 5.5 5.1 4.7 4.6 4.7 5.6
8.1 19.1 20.2 22.3 13.2 14.5 17 22.2 94.5 247.1 193.3 4.6 5.3 8.2 10 11.8 13.3 14.3 14.9 15.1
10082.8 10158.5 10005.3 10005.2 10005.1 10006.7 10007.9 10007.8 10075.4 10196.8 155.7 23.2 44.3 24.3 14.4 13.5 12 10.4 10.1 9.1
Coefficients are (row-wise by formant):
496.5 -18.6 -7.1 8.6 14.5 9.4
1837.6 63.4 22 54 26.6 37.8
2985.4 107.2 -15.2 22.3 -0.5 0.2
