common_voice_sw_38021900-04-004_0011 analysis information:
Number of steps:
20
Cutoff frequencies were: 
3000 3105 3211 3316 3421 3526 3632 3737 3842 3947 4053 4158 4263 4368 4474 4579 4684 4789 4895 5000
Number of coefficients for prediction: 
5
Number of formants: 
3
Winner is:
4789 4789 4789
Errors (total,f1,f2,f3): 
10178.9 10133 10067.6 10070.3 10094.5 10157.6 10207.2 10325.3 10367.6 10296.6 10306.5 10300.5 10267.5 268.6 440.3 440 244.9 212 247.6 360.1
30.1 22.1 20.9 23.1 24.5 56.1 71.1 74.5 69.5 32.9 48.2 62 40.5 26.8 31.4 22.4 6.6 6.9 8.5 24.9
28.2 29 17.8 19.4 20.2 60.5 91.1 130.2 147.9 85.7 137.9 133.5 104.4 122 190 120.9 20.3 15.1 58.1 151.9
10120.6 10081.9 10028.9 10027.8 10049.8 10041 10045 10120.6 10150.2 10178 10120.4 10105 10122.6 119.8 218.9 296.7 218 190 181 183.3
Coefficients are (row-wise by formant):
747.4 69.6 -100.6 13.8 -36.7 -13.4
1548.9 505.2 -56.8 34.8 -25.8 31
2418.6 -65.5 10.2 233.7 -278.8 17.8
