common_voice_sw_38021900-04-002_0016 analysis information:
Number of steps:
20
Cutoff frequencies were: 
3000 3105 3211 3316 3421 3526 3632 3737 3842 3947 4053 4158 4263 4368 4474 4579 4684 4789 4895 5000
Number of coefficients for prediction: 
5
Number of formants: 
3
Winner is:
3211 3211 3211
Errors (total,f1,f2,f3): 
10049.9 10043.5 10038.8 10084.1 10107.9 10207.3 10175.5 10148.3 10217.2 10219.2 10274.9 10431.1 10167.4 10148.2 10126.1 10180.5 10271.1 10412.2 10369.9 10549.4
17.1 15.9 13.5 15.7 17 36.5 32.8 33.6 34.7 39.8 56.9 63.9 40.4 37.1 38 39 30.9 25 23 26.8
17.8 19.4 16.9 21.1 23.2 61.7 30.9 32.5 30.9 36.4 47.8 55.7 12.1 9.6 11.7 12.1 16.3 25.7 42.3 53.6
10015 10008.2 10008.4 10047.3 10067.7 10109.1 10111.8 10082.2 10151.6 10143 10170.2 10311.5 10114.9 10101.5 10076.4 10129.4 10223.9 10361.5 10304.6 10469
Coefficients are (row-wise by formant):
351.2 116 4.6 20.8 21.1 5.1
626.2 10.3 35.5 1.3 19.2 1.6
842.4 33 13.3 5.8 -3.5 -1.7
