common_voice_sw_38021900-04-008_0006 analysis information:
Number of steps:
20
Cutoff frequencies were: 
3000 3105 3211 3316 3421 3526 3632 3737 3842 3947 4053 4158 4263 4368 4474 4579 4684 4789 4895 5000
Number of coefficients for prediction: 
5
Number of formants: 
3
Winner is:
3421 3421 3421
Errors (total,f1,f2,f3): 
10105.7 10092.9 71.1 52.4 51 52.6 51.6 299.8 266.9 340.8 285.6 328.4 355.9 169.3 293.1 365.7 284.5 260.6 71 113.8
18.7 19.1 15.8 13.3 14.5 15.5 11.8 29.9 26.6 26.6 18.5 15.6 16.7 14.8 15.4 25.3 6.2 3.9 5.4 5.2
27.5 35 34 23.8 24.4 25.5 27.9 227.1 205.2 257.4 214.4 220.8 249.7 93.2 205.7 245.3 198.5 172.8 15.3 49.2
10059.5 10038.8 21.3 15.3 12.1 11.6 11.9 42.8 35.1 56.8 52.7 92 89.5 61.3 72 95.1 79.8 83.9 50.3 59.4
Coefficients are (row-wise by formant):
470.4 -44.6 -48.4 -33.5 -35.2 -23.1
761.5 -131.4 -65.3 -13.1 3 36.2
2099.2 61.2 -60.3 -16.2 -29.1 0.9
