common_voice_sw_38021900-04-012_0008 analysis information:
Number of steps:
20
Cutoff frequencies were: 
3000 3105 3211 3316 3421 3526 3632 3737 3842 3947 4053 4158 4263 4368 4474 4579 4684 4789 4895 5000
Number of coefficients for prediction: 
5
Number of formants: 
3
Winner is:
4474 4474 4474
Errors (total,f1,f2,f3): 
10012.9 10013.3 10013.5 10023.8 10027.9 10189.2 170.5 216.5 215.9 205.1 216.8 286 474.8 314.6 53.1 90.3 99.9 71.8 80.5 107.5
1 1 1.3 3.5 7.8 19.8 16.6 12.7 11.3 9.9 33.7 39.1 38.6 31.9 4.3 4.4 3.9 3.7 3.5 2.9
1.3 1.9 3.1 8 7.1 109.2 102.8 139.3 153 150.9 144.4 221.5 358.2 214.6 40.1 59.3 62.9 42.3 57.8 66.9
10010.6 10010.4 10009.1 10012.3 10013 10060.2 51.1 64.5 51.6 44.3 38.7 25.4 78 68.1 8.7 26.6 33.1 25.8 19.2 37.7
Coefficients are (row-wise by formant):
494.4 33.5 -29.1 -4.2 -15.6 3
1861.6 -165.7 -50.3 -0.6 25.6 63.4
2518 4 4.4 98.6 35.1 14.9
