common_voice_sw_38021900-04-012_0002 analysis information:
Number of steps:
20
Cutoff frequencies were: 
3000 3105 3211 3316 3421 3526 3632 3737 3842 3947 4053 4158 4263 4368 4474 4579 4684 4789 4895 5000
Number of coefficients for prediction: 
5
Number of formants: 
3
Winner is:
5000 5000 5000
Errors (total,f1,f2,f3): 
10075.4 10053.9 10103.3 10103 10065.6 10101.2 10115.5 10185.8 10080.6 10208.4 10272.8 291.3 202.8 268.9 386.9 315.9 444.3 163.4 137.3 112.3
32.1 15 8.3 3.6 8 10 7.9 9.2 26.3 23.2 31.2 21.9 7.2 11.1 6.8 7.1 28.7 7.6 7.4 6.8
12.2 19.2 56.3 65.1 27.8 57.3 64.7 89.2 46.6 101 135.2 123.9 104.4 123.9 150.4 131.9 178.2 55.7 17.7 10.8
10031.1 10019.7 10038.7 10034.3 10029.8 10033.9 10042.9 10087.4 10007.7 10084.2 10106.4 145.5 91.2 133.9 229.7 176.9 237.4 100.1 112.2 94.7
Coefficients are (row-wise by formant):
740.9 -163.5 -60.3 0.6 25.8 10.5
1807 73.6 -94.7 19 4.7 12.8
2758.5 554.6 -362.2 -59.3 173.3 -113.9
