common_voice_sw_38021900-04-004_0009 analysis information:
Number of steps:
20
Cutoff frequencies were: 
3000 3105 3211 3316 3421 3526 3632 3737 3842 3947 4053 4158 4263 4368 4474 4579 4684 4789 4895 5000
Number of coefficients for prediction: 
5
Number of formants: 
3
Winner is:
4158 4158 4158
Errors (total,f1,f2,f3): 
10256.5 10322.1 10139.4 10141.7 10167 437.6 240.3 172.8 189.6 191.9 157 140.7 160.3 190.4 213.3 268.2 270 416.7 288.6 367.9
45.4 24.1 17.3 20.5 29.6 36.9 14.7 18.2 10.5 10.4 11.5 12.6 13.8 13.7 12.8 11.3 10.5 15.9 21.7 10.5
77.6 96.3 53.5 59.6 71.7 291.9 161.1 98.2 128.2 134.9 99.1 83.3 109.7 140.9 158.7 186.3 183.8 320 179.7 208.8
10133.5 10201.7 10068.6 10061.6 10065.7 108.8 64.5 56.4 50.9 46.6 46.4 44.8 36.8 35.8 41.8 70.6 75.7 80.8 87.2 148.6
Coefficients are (row-wise by formant):
504.3 -82.3 -69.1 -36.5 -39.4 -8.6
1410.8 454.3 2.8 -329.8 -53.6 154.9
2238.3 311.7 -91.4 66.7 26.9 -17.5
