common_voice_sw_38021900-04-002_0014 analysis information:
Number of steps:
20
Cutoff frequencies were: 
3000 3105 3211 3316 3421 3526 3632 3737 3842 3947 4053 4158 4263 4368 4474 4579 4684 4789 4895 5000
Number of coefficients for prediction: 
5
Number of formants: 
3
Winner is:
4053 4053 4053
Errors (total,f1,f2,f3): 
10030.6 10066 10069.4 10014.2 25.3 8.3 9.4 8.7 7.3 7.1 5.4 10.6 31.5 191.5 15.4 13.8 16.6 11.8 8.5 6.4
5.5 3.4 5.3 0.8 0.5 1.5 3.9 3.5 2.6 2.8 1.6 6.2 27.6 40 1 0.9 1 1 1 0.9
5.9 4.7 1.7 1.3 1.7 1.8 2.7 2.4 1.8 1.2 0.7 1.8 1.9 123.9 1.1 4.7 6.1 3 0.9 1.1
10019.2 10057.9 10062.4 10012.1 23.1 5 2.8 2.8 2.9 3.1 3.1 2.6 2 27.6 13.3 8.2 9.5 7.8 6.6 4.4
Coefficients are (row-wise by formant):
519.7 -77.8 24.1 -21.2 2.1 11.4
665.9 14.6 -3.2 -0.9 -4.1 -2.5
2190.7 53.9 8 14.4 -4.1 5.9
