common_voice_sw_38021900-04-016_0001 analysis information:
Number of steps:
20
Cutoff frequencies were: 
3000 3105 3211 3316 3421 3526 3632 3737 3842 3947 4053 4158 4263 4368 4474 4579 4684 4789 4895 5000
Number of coefficients for prediction: 
5
Number of formants: 
3
Winner is:
3842 3842 3842
Errors (total,f1,f2,f3): 
10124.2 10116.5 10131 10201.3 10232.3 10310.8 342.6 326.4 261.3 277.2 359.7 391.3 399 427.9 451.3 418.5 411 471.1 403.3 314.5
27.1 23.4 41.8 64.7 72.9 73.4 82.4 50.6 41.4 40.3 45.9 52.2 46.7 43.8 43.1 46.3 45.6 47.4 52.2 49.2
38.2 40.3 48.4 92.5 103.9 175.8 192.7 203.7 131 148.6 197.8 202.3 214.9 204.2 188.2 153.5 153.7 171.2 74.1 53.3
10058.9 10052.8 10040.8 10044.1 10055.5 10061.6 67.5 72.1 88.9 88.3 116 136.8 137.4 179.9 220 218.7 211.7 252.5 277 212
Coefficients are (row-wise by formant):
677.9 -162.3 -89.9 -49.1 38.4 5.1
1418.8 -35.4 16.1 -232.9 -28.1 30.3
1876.4 121.7 59.5 -65.7 -25.9 -33.9
