common_voice_sw_38021900-04-006_0005 analysis information:
Number of steps:
20
Cutoff frequencies were: 
3000 3105 3211 3316 3421 3526 3632 3737 3842 3947 4053 4158 4263 4368 4474 4579 4684 4789 4895 5000
Number of coefficients for prediction: 
5
Number of formants: 
3
Winner is:
3842 3842 3842
Errors (total,f1,f2,f3): 
10067.8 10063.3 10068.1 10056.8 10165.2 10105.2 10224.5 128.3 50.2 53.7 134.3 134.4 89 66.3 82.5 163.9 164.8 131.2 111.7 191.1
23.9 18.5 17.3 24.6 17.6 14.6 18.2 9.8 4.3 3.9 4.3 5.7 7.7 6.7 6.9 5.9 6 8.3 10.5 11.9
31.9 32.3 35.5 21 124.6 63.8 125.3 56.2 15 16.6 87.5 77.9 25 27.8 32.5 36.3 30.2 12.7 13.5 18.2
10012 10012.5 10015.3 10011.2 10023 10026.8 10081 62.3 30.9 33.2 42.5 50.8 56.3 31.8 43.1 121.7 128.6 110.2 87.7 161
Coefficients are (row-wise by formant):
588.3 -62.5 -14.1 -14.6 6.2 -6.9
1272.2 81.7 33.5 5.8 11.7 -8
1634.7 -14.6 1.3 11.8 -66.8 23.4
